1592 11111 01111111 111 Τ11111.

11051111. ’18760 K. Fn. HL's 13 11111111111111111111, 1111111 11 11111131111311111

1111111111 111111 1111111311111311110111111311· 11311111 Ρ11111, 13 111 1111 11111111

11111111111 flenter. — 0111111111,111 111111 0131 0111111111. 11111111111111. 1111111
111 01. 11246. 01111011111111 11311 011111 S. 481-87.

1- ¹¹11· *18761. N. N. 0111111311111. 111 7111111111 8111, 11110111, 1111111 1111 1111113111
113 1 0111111 111 111 11111111 111 11111111 3000 0111. 1111131 111113111111 111113111 111

111 11113111113111181111111· 111111 011111. -01111111111, d. 10111. 811111.111111111.
011. 111. 8111 111. 11245. Wolff, 0111111111 11311 011111 8. 424.

1· 11111- ’18762 01. 11111111 8111111 1. 0111131111, 0111111131111. [111 011111111, 11111
0111, 1111111 111 1 0111111 111 111 11111111 1111113111 113 1111111131 11 111111 2000 0111.
11 1111111111 0111111111111111111111 111 111 1111311111311111 81111111· 11111 011111. -
0110111111, d. l. Maji. 811111. 118111111. 011. 111. 18 111 01. 11246. 011111,01111111113111011118128

1· 11111· ’18760 010111118111111 1. 0111131111, 0111111131111. 1111011111111, 1111
0111, 1111111111 1111113111 113 til 11 111111 2000 0111. 1111131 117111111111 10111 111

111 »11131111131111 compagnis· sjette 011111. - 0111111111, 1. 1. Maji. 8111111111-
1111. 011. 01. 19111 01. 11246. Wolff, 1111111111 11311 011111 8. 433-34.

111111 ’18761 01. 81111 01111 1. 01111131111, 011111131111. 111 01111131111, hans
0111, 1111111111 1 0111111 111111 111111111111113111113 111 1111131 1111111120000111.
11 111 111111 011111311111 Lens 1111131111 111 111 ι11131111131111 81111111· 111111
[111881. - 011011111Ιῖ1, (1. l. Maji. 811111. 1111111111, 0110115111 01. 11245. 01110811111111
11311 011111 S. 430.

1-11111 *18761 01. 81111 01111 1. 01111131111, 011111131111. pan 01111131111, 1111
0111, 11111 111 1111113111 113 111111111112100 0111. 1111131 11 Τ11111111111 1 0111113111

111 111131111131111 0111113111 111111 011111. - [11111111111. 111111. 1111111111-
1111. 011. 0117111111. 11245. wolff, 1111111111 11311 011111 8. 481-32.

1. 11111· ’18766 1111111 01111111 01111111 1111111111 13 11111111 0111111111 0111, 1111-
111 11 1 0111111 111 11111 11111 011311 1311111111 01111111 11110311 113 111 11111111
1600 0111. 1111131 11 111 111111111111 01111111111 1111113111 111 111 10131111131111811-
8111011 111811 Klasse. — Hamburq, d.l.Maj. 811111111111111. 011. 01. 10 1110111246. 0111, ’
0111111111 11311 011111 S. 426-26. ·

1. 11111. ’18767 Ρ111 011111111111 0111, 1111111 111 1111113111 113 111 11 11111111
0111101111 11 111 11113111113111181111111 med 11111110111113 stillet 1111 11111111·
dom, 1111 1111 1111611111 1 Mors 13 8111113 som Kantion. - Kopmhaqen, den ersten
Maji. (Tydsk.) 81111111111111.011111221001. 11241. 111111,111111111131111111118.431-19.

1. 11111. ’18768 2111 01111111111, commissarius 13 01111111 111 111 ι11131111131111
81111111, 11110111, 1111111 111 11111111 11 111111 111 111111 81111111 111111 1111111
400 0111. 1111131, som 111 1111113111 11311111111111, 11111131 111311 as 0111111111111·
11111111 11 1 1111. - 0111111911, 111 111111 113 11111. 1711111.) snm. 1111111111.
011. 111. 11111 111. 11246. Wolff, 0111111111 11311 011111 8. 426-27.

1. 11111 *18769 01111111 0111111 11111111 111111 1101111, 011111111111111 1 01011113
1111111111111, om 1111131 111, 11111111111113 01111111111, 811 11 den i 0111111111111
01111111 1634 111111011111 01111111111, 1011011011111111011111 111111 111111 111

111111101111111111113111111111 8111. - 111111,1.11.Μ11. 1011111111.) 1111111111
1111111111. (1111101111 te 01111116. 81111. 29. 11113. S. 801-06.

 

