1638.
26. 100000.

26. 1000011.

21. 10129. 110.
21. 1000011.

28. 1000011.

28 1000011.

1244 110110 0011011111 0111810001.

*148211 111101010110011 0111101 111 600101 11010 00 111100001 ham 01 10100
0101 11011 101 01 01110 Hert. 10101010 000 100101 0110110001. - 110οῙ010 011,
26. August. (81011011.) 1110001. 1 11001, 010 10110001. 8011100010 01100110001010 u. d. 1101001 1691
-34 11. 299.

*14826 11110101 110111 0111101111 110110001οί0, 01 100 1111000 110101010 00 0101
00101000 10]·00 111 100 00 000110]οη 1000 000 10010000 010 11100 0000110 (1000001011
11100100. - Gran, d. 5. September. (Tydsk.) Archiv 1. 01010. (10001. 11. 11. 111. 395-87.

7684. 110001, 1011101100100 1101111111440-421000 00100129. 1001.

’14821 1101. 00 010100111οτ 0011001 11101 100100010101011801010000000100,
11011 010100 0010010110ᾱο 101 000 101010 ’101010 000 25000 11011. 01 000 101110000 8101,
001 skal 1010100 111 00010 000100. - 8011000 0011000, 0. 21. Augusti. (Tydsk.) 0010.
01 1010100.

114828. 11. 000. 1110001000οτ000100001101001010110 100 00 000110 1100001-
00001, 00 han har 1010100οῑ 000 1011100, 8010010101010000, 0110100116101101001.-
6100111100, d. 28. Augusti. 1110001. 10000108001. 211. 11. 243.

*14820 1011000101600111110010 0101 111 1101100101010 01 8001000-1101001,
11011100 0110000101 01011010 00000111. 8100000000, 28. August. (Tydsk.) 11001, 010

’ 10110001. 8011100000 01100110011010 u. d. 1010011681-3411.806-06.

28. 1000011.

80. 1000011.

00. 1000011.

*14830 0111010110 0010001 010 001000110010100 0000110 80000100 om 00100
110100 00 001010101 000 111 01 10100100 01 audet 1110000100, 1110 0001810οῑ 1011100100
ikke ville 100110 010 111 11100100. - 8011ωοί00000, 0180000100. (100011.) 11000101,
0011000101οι 10001. 502.

’14831 0111110110 0000010100 000010 1100000101, 0111000010οε 80000100 010
0010000111801100100, 00 101001001, 01 1110001 00001810019100 00 ikke i Breslau 000
61010 01100100. -8011001010100, 0. 9. septbr. (10001.) 1101111101,11011000101101100010111.

*14832 11000111 101 6011011100 00000101 110110001οἰ0, 01 8011001011οΙ11 11011110

00000 Νο1 01 0100001 100 00000. - 11001, 0. 9. 80010011. 1100011.) 10111101,1101101010100
110001. 108. 9100011 110001 1101111. 01010. 00001. 1. 180.

’14800 11. 100110 11111. 01 1100111100 1001101 101 010 (1000001 00 8000010100,
1101000100000 01010010101010100000100, 0111. 0100000111 101 1010111101 ham 00, 01
101 0100100 1110 011000010000010111001011100, 000 01 000 0001011000 010 1 101 101

Ι 01 111000 Madet i 0100100 111 01 strande. -— 10 camp devant 00000, 10 9. 1001 00 Septembre.

1010110110 1011100 00 0010010 00100001010011.106-10.

’14834 10110 8111100 1110111101 11010100000110 00 11. 011. 11130 81100000 000
8100010100 000 01000 01 00100 11010 1 000 100010 [stiffi dog 00001 han, at 1100001
1000111000100 00010 001010 000 810110, 10101 001 101011010ῑο 101 11110]οῑ ham 010110

81000, 000 810110 0000001000 101 gjort. - 11000010, 31.100. 1810001.) 1110000 10101-

1010, ’1101110111οι 111001 001 00001100011000100 Ι 11011000 1, 1. 68, 100.1-2, 8. 09, 1010. 2 00
8. 12, 100. 2.

’14830 0100100010111110111001100 811110110 111 001100 00101010 018001000-
1101001, 11011 100 0010101, 01 (1000101110010000111010 1010000011100,011101101100001000
01001 0100 80010101 000 ham har 001οΙ1 01011101111100100 01 000 0000110 1111001100. -

1110000000001111011,2.8001.11010011.) 11001, 010 10110001. 801100000011110110001010 0. d. [01000
1631-Βο 11, 809-12. 810001. 001101. 1 00011, 1000100000 10 80110000 1. 11111000 (1000110110 S. 431-33.

 

