11. Octobr.

11. 011111.

11. 011111.

11. 011111.

11. Octobr.

11. 0111111.

Kone 81111111 111Τ11111.

20928. 11. Fu. HL's 1111111111 1111111111 111 011111 8111111111 011111111111111
1111 111111 1111111111 111 81111111 1111 111 1111111111 1111111111111 11111· 11 1111111 11
11111111 111 111. 1111’1111111111.-· 111. 0111111. 1111.11.1111111,1111111111 811111111111111-
1111111 S. 92.

’20929 11. 01111131 01111111 111 81111111111111 8111111111, 11 11111 111111111811-
1111111111 1 111111, 1111 111 11111 011111111111 1 81111111111111111 1111 1111111111111
1111111 11111111 11111111111. - 111. 0111111. 1111. 1 11111111, 1111111 1111111111111111 11-
1111111892.

’20930 11. Fa. 1!le 81111111 111011111111111111111111111 1. 11111111, 11 111 1111
1111111 111111 Ν11111111111111111111 111111 1111111, 11 Μ1111111 111 8111 11 11111111
1111111 111 11111111 1111111111111 1111111 1111111111. — 111. 0111111. 1111111111·
111, 01111111181111111111111 1111111111 S. 93.

’20931 11. Fa. 11131 11111111181111111111 011111111111191111111 v. 11111111, 11
111 1111 11111 11111111 1 11111111 11 11111 1111111111 111811111111111 1111. -1110111111,
011. 1 11111111, 011111 111 81111111111111 1111111111 8. 93.

’20932 11. 81111131 1111111111 01111111 111 011111111111 81111, 11 111 11111111
111111 111 1111 111 8111111111111111111 11111111 111, 1111 111111 11111 11111111 111
11111111 1111111111. -· 111. 0111111. 1111111111111, 111111111111111111111111 1111111111 191.

20933. 11. 11. 11131 11111111 1110111111111111111111, 11 11 111111111111111·
11111111 1 1111111 8111, 1111 111 111111 111 1111111111 11 11111 1111111111 1111 11111
111111 11111111 111111111111111111 0111111111. - 111. 0111111. 11111 11111111, 1111111
111811111111111111111111111 8 92.

’20931 11111011 01111111 111 111111111111111 111 1111111111 011111111111111
8111111111, 11111 11111111 11111 111111111 11111 8111111111 111 11111111 11111111-
108111 flaand. - (ll. Octobr.). 011. 1111111111, 0111110181111111111111 1111111111 S. 93.

20935. 91111111111 1111111 1111011111111111111101111111111111 1111111111
Arveregeringen. - 11. Octobr. 011111111111,01111111181111111111111 1111111111 S. 89-90.

’20930 Fru 1111 1111111 11 ’1111111111 bede 1111111 om 11 11111111111111111
11 911111 11 1111111111 8111111111111111 11 dem 111 111 11111111 1111111111 111 1111111
811111111111 111 111111 1111111 11 0111111111 81111 1111111. - Halm, 1, 11, Octobr.
111 1111111111. 81111. 11. 691-92.

’20931 1111111 111111 1. 0111 11111111 111111 01111111111,11111 1111111111
1111011111 110111 11111111111 11111 1111111118111111 11 111111 11 011111111111111.
- Ump, ll. 0111. 011111 81111. 111. 315-16.

’20938 8111111111101111111 81111 1111111111 01111111 011111111111111111
0111111111101111111111, 111 11111 111111 11111 111 11111111111 1111 11111 11 1181111111,
111111 11 11 1111111111, 1111111111111111 11 Ρ111111111 11 11111111 1111 11111 11111-
111111 11111 1111111 11111111. -111111111, 1. 11. 011. 1111111 8111. 111. 296-99.

’20939 1111111111 11111111 1111111, 11 111 11 11111 med Gejstligheden 11
11111111111111 111 111 11111111111111111 1111111111111111111111111 Mandslinje‚ uden ¹
11 111 111111 11111 8111110111111111111111111111111; 111 111111111 11111 11 1111111111
1111111Μ11111 111111.-111[1111, 1201111111. 11111111, chrisum 1131 1111111111 s. 111-81

0111118111. 211 11. 111. 11111111, 01111101811111111111111111111111896, nfud21,1nmun‚gm. ,

1111111 1111111111 1 011111118. 14.

 

