1750 113113 1113333111 3111133313.

1659.

8113111131, 33 3113 1133131311 333333 33 3133 133 33333131133113, 3331 113331113313-
13333. - Haaq, 29. Nov. 1231131.) 11111313133313033331,13111111311131111111131131333113-

1333313 vii. 278-79.
20· 110121· 13759. 11133113331133 som 3. ii. S. 14-13.

2110111· ’20534 11. 113. 111. 33131331131 [iuri. ai 1133133333 313 831133 331 333313. -
[133335333321301. (Tydsk.) 1131. 31313331. 1. 03333. 1. 11311. 3113111311 1111331313311111131·

23. 110111· hm Ὴ1112110535. 3133 1330331313111111133333, 318333313133 33133 1113 3333 3331331

313 3333311313 813131131Ρ131333131333111333133; 13 331311133131 113 1333 1313313333
3131· 011313 331 131 331313 1131 331 11331113; 8333313133 3333 131311113311, 31 [13133133
3311331333313 3313333 1 13 331313 ’1’13113131; 8131313133 31 Μ33133 1311333311131;

13 13 11311311133313311· 1 11331113, 333313133 111 31 3313 131131 131 13131331311313313

Cuypei', der er 311311311- sindet.- 1111131113),3 ἳῖἑῗ 13131 Udi. 1811313331, 83131333 1311113.

033311, 11. 3. 818. 143-44.
2333111131 ’.20536 03313111331333311,133310333311’1313111113311313111.1·1.111.,31133
203111 131. 8131333133· 1 833113 33313 13331 31 31331313133 3331 Parii· ai de 1331313313 8311-
311333 4 Μ3333131 13111133, 1111133 33131131 333 331 3133 333113331331 13331 133 8333133

11131331131313 13381313, 133313331333331131 111113313 33313 1111 331 1133311111. - 3. 031.
1111. 33 1113131. pau 03331 i Gigas, 01331313311133 13 1133311313 S. 353, 357, 1331. 1.

*20537. 131331313133 11303113 111 11. 3183133133 3138111331 3311133313 33 33

13131333131333313333 333113331313331113331.-11311., 31133. 1833331.) 33131 313131
iiiii. 11113311. 5. 11. 111. 205-09.
20538. 1133 31331333333313 0333311 1 [1133333333 3. 3. 1111313113 3111331 111

1311313133 om Sejren 333 1333, 3331 113113313333 1113 31113 313133 31311 111 31 1311313313
13 1113 33313, 3111333113 31111311331131133338]311331; 113 133318113 311 1333 133331

313133 3333 113113331333 1133331 333313113 111 81311331. - 23. Ν33. 31. 3. (13131.) iiii
33 1113131. 11111. 3131113311. Geich. 1. 11311. Friedrich wilheim 133 11331333313 iiiii. 629.

13164. 1113131. 1 8113131313033311133131. 1331333133 333 1133131313 8. 1076-77.

20539. 1131331113133 miurus 11333113 1313111, 3131331 3331 8331 pan 1333313

0331311333 1133111 ai 16. Novbr. 1111. 203251. - 124. 113331.) 1833331.) 111113111331113,
1333313 christina 1. aia-69.
*20540. 0113131333 Ρ1113111133 3111331, 318333313133 33 31113 33131333113 101133,

Ι 33 333 333331, 3113 31113 333 131 pua, 31 11333311 3313313333 1 131333111333133; 313
333131313133113 0111311131313333311333, 33311331 han 133331, 31 131 1113 31113 3313
· 111 33333 113113 33 333131313 111 33313313 1313133313313 133 331313 1133333 1131313331-

113331 med 1133311133 33 1333113133-(1131113131,6 Ἓξ* 111111 331. 1331113331 3311111313
31303131111331. S. 144. ι

20541. ionii 81133313 3111331111 313 13131, 31333 333 Grund 31 8331331 maa
131331113333, 33310133313333131331 111833113; 0333311333 313 3331 311331 pra 8131131

333 1133333 33 3133113 13113 333 1131. - 1131313333,1.26.11’33. 1833331.) 3131311113-
33131333, 113 13 0311. 11311. 1111142.

20542. 8113133313 1133311333 81133133, 31 13 1313331133 33 31331333313313 Ge·
333113133331333101113111311313 13133 1131133 331333 1 13 333331-331313 1131131133, og

31 13 8333313 1313333331113 31113 1311333313, 31 1313331313 3131131 [1331331131131133-

313313ς13333313113313131331 11. 31 13133 111 11331113- -1113313131Ἥ ³⁰³—- Μ’ -Ῑτιᾱει iiiii

8111113331, 8311111133 131 11113. 03133. 11 3. 81. 8. 144- 45.

 

