111111 9111111111 1111 Tamum. 1335

11 111 81111111111113111111111, 11111 1111111 1111 8111111 111111 1111 11111

dot 11111111 9111111 11111 31111 111 91131. ·- 911111 9111113111, 1. 20. Augusti.

1111111 ung. 111111-11,

930. 1111111111111111111113 111 111 1111111 91311113, 11 11113111 1111- 2111130.
1111111111 1111 111 111 11111111 13 11311111 (111111111111111111 1111111111. - mum·
Svensk.) 911111. l 91111, 9111. 1 111111. 111 81111311 11111111111111111 1111. 1111. under

1138189 (12311111111111111 9111111111 11111111111111 1111 111111 111 91111111. 211. Ausum·

ς, (1101111911111 1111. 1. 11111111111111·91111111,1111 11 911111. 253.

1932. 011111 pm 9111111111311111111 111 1191111, 11 9111111 11111111 21· 11111111·
1 3111111 (1111,11111111111111111111111111111. 9111113111111,1191131111

maa 3111 1118111111 som 1111111, 13 11111 111 11 11111 181111111011111

h .. (ζμ-0111111111, (1. 21. Aug. (Tydsk.) 911111113.1.9.1.311-13.

9933. C. (1.911111111111 81111111 111 11. 11111 X. (iustas, 11111111111, 1111311 11. nugam,
1111111111111111111111111111111191111113 11 111111 111111111111111111 1131111-

givet 111111111ῑηί13 om Belejringens 911111 13 3111111 113 111 11111 1111181111.

111, d. 21. Augusti. 11111113811111.) 111111 113. 1. n. 1. 291-91.

9934. Κ. 911.111.“111111911111111111111118119111111111111111311111 22. Ausum.

11 9111111111 1111111113 med at gjme Fjenden 111 111111 1111131 1111111...
, 22. Augusti. 11111111111111111111111111.11191129.

19935, K. 911. 11111 91111113 111 0111111911 91111, 1111111. 111 91111113, 11 1111111111·
11 1111111111 1 11311 1111111111 3111111, men 111111111 91111111311 11111111

. Aff Kiabenlmffn, d. 22. Augusti. 911111113. 1. 9. 1. 313

19936. K. 911.111.’1811111111111911111111111111111111111139111111111111 12. 1131111.
111 011111111311111 11111111311111111111311, men 1111 1111111111 1111111111
11. - Aff 1111111111, 1. 22. Augusti. 111111 1111111111-11.

19937. K. 91111131 91111113 111 0111111111111111 91111111, 11 111 1111 111111 21113111.
1111111 med at 1111111111111113 »til 111111111191111 131911191111111-
1111111111 1 111111 8111. - Aff 1111111111, 1. 22. August. 1111111131111111,

19938. K. 111.111.1111111111111311119111111111, 11 111 1111 1111 1111 111 22. Augusti.
11111311 1111111, men 03111 11111 1111111113 11111111.-111’111111111 11111, 122. ,
1111111111. 111 31111111111. 11228-23. ’

19939. 9111111111 111 911111111111111.119111111 111 (1111111111 1 811111 21113111.
111311 911111113 111 11 11113111 111 111 1111, 11111111111111111111911

111111 1111 11111111311111 13 11111191111111311. 1991113111 1111111 111 nu·

91111111 11111 1 111111111111. Naar 111 1111 1111111 1111, 13111191111111

1 111 9111111 13 111111, 111111911113 1111111311 111131111 1111111. - Rom.

, Aug, (Tydsk.) 91111111919111311113111111111311111111641

Ἶ9941), (16.111111111111 81111111 111 11. 11111 Χ. 9111111, 11 1111111111111 13 22. 1131111.
1 111181111111 111 1111 111 111311, 1191111111311 111 11311 1111111111 1111

111 11111 om 11111 81111, 1111311, 11111111 111 skal 11111111 1131111 11 Han.

3, (101 vine 3311 31111111 Suadet, 13 111111111 111 31111 1111111111131111311

1 11 1111111111111111 11111]11111111.- 9111111111, (1211131311, (1113108

911111 1113. 1. R. 11196-98,

 

