1662 116116 1111111161 61111 Tamum.

1611. ’-“”“”““““““““

13. 011011 ’19561 016 61116661613116 0611661 1111111611 1111661161 1611311116 616 11816113
111 1113161316 16631166 1166161111, 111611 63111 1611161661 111 01661111 66111161 - 1111111111,

H· 011 113611.) 6116161111161111661161111.11611111 116111- m &nuenburg
1111. 165-66.
15· 011011- 12269. 611111. 1116161116,

1⁶· octobr. ’19563. 01111611111111111116161116115 1116611111 13. Octobr. 1630 616611111-
11616161611 11666 11611366 1611161161. - 6116616661, 6. 15. Octobris. snm. 11111611.
11111 111 166663 lm 111336 8 01. 1 116.)

16· octobr. ’19561 11, 11111115116661111611311116111 111 11131161661161 66116611, 111111
61 616361 1161111161 116 16161136 11111161 631166 111 66 161116111Ρ1. 11 16116311, 661161
66311111116661111611166111. Fr. 111. 111 116661 161 61 11 sine 11616 63 66 1161116111
1166613116. - 1111113, 26. 011. n. St. 11166111111311.611161111161666111111611166861 1661,

17· octobr. ’19565 11. 91. mss 61111163 111 1166111 1116116 om 11 1661111111 11131611111161
11611116 611 »0111111111 1611611 161 81111611 Peterson. — 17. 011111. 11111116116116111.
1. 1116111611 11611111- 63 1116111 11111. S. 131,

20. ⁰⁰¹⁰br· *19566. 11. 111. 111. 61111611611111116111111 Christian Friis 11 6666116111 1116166
11161366 111666 11611131 11611616 111 1166611116661, 161116361 1111311116111 11111616163611-
1631116661111666163 666111 11 vide, om man 1111 166116616161316111116116616111611
611 11116611 9611616163. -- Halm, 20. 8111. 11111111, 111 116111166616116111631.141-16,111,

1110616111. ’19561 01111111 01611111611666661611611.11011661611613, 11 11611166 11111111-
11111 666111111111161 11 311 166 61111166 01616111 11 1116, 63 11 61666 11611661 1111

1111 16166611111 611 16166 8111611166 1 6666161666. - 11663, 30. Oct. 111611.) 6111.
Ι1611611 ι. 611611. 6. 1611. 1111161111 wilhelm von 6666166613 1111, 105--05⁸

21011011· ’19566 1111111131 116111163111116666 116116111611 616 11 1116666116 0161611111
166 hans 116161 Sans 1163116161. - 21. 01161161. 116111111311111111111116111111611161.
63 1116111 11111. S. 134.

²1· ⁰⁰²⁰br· ’19669 01616161611161161611666611111116161, 111611 66611 66 1161116111 arden
1166111 111666163 5116116111 om, 11 61661111161111161 1611 K. 11 816113 111 11636 111111,

6111 man ikke 11166 1111161 ham 1166111616 63 11111666 1166 1611111161 63 66 011111.
- 21. oct. (Tydsk.) Udt. 1 11661111, 011111. v. 1116161116 0116616116631. 1311

21¹ octobr. ’19510 066 61166666613116 61116611 Wien 1111616111 skrivef ffl numm
Ι111116 1111616 1166116 Tro 111611661611613, 616116 maner, 11 6111 1111111161 1111111 ¹
16111666 med 611113, 51111166, Polen 63 01661111 63 1111 med 811113, 11161113 cuer

England. — Ρναρ, 31. Oct. (Tydsk.) 061. 63 1116611. 1 011. u. 1611611. ι. (161611. d. 11611. 11111116
wilhelm 166 [11166161613 vul. 3111-19.

22· octobr. ’19511 016 6166116011111131166111116111161618111111166 1111661111616311111 ζ

1611611136 666161, 116116311166 63 86361 1161161 1111166. - Anam, d, 22, oktuber. ἵ
111611.) 0161101611, 1 81161. 1.]161111111. 63166631. 111. 141-48,

26. octobr. ’19512Ι 11. 16. 11136 1111161111 161 11111611 1. 11111116, 661 skal 1611111116 0666.

116611636161 med 61166661613. -116316166311, 26. 061. 113661.) 6111 nrk. u. mm
661611. 6. 111111. Friedrich 0111111116 von 111111166613 11111. 581.

96ιο110111· ’195711 K. 111. {ills 1161166161 161 666 61166661613111 0611661 v. 1111111.-

Kopenhayem 26.011. 1111111111 061631116611.1011.6.16111111.1.661111.6.16111616611111·
11116166 0666161613 vm. 581.

 

