11111 0111111111 111 1111111. 1111

111 1111131 11. 11 01111111 11111111111111111111111111118111 811111. - 16η

11111111.) 1111111. p. ’1111111 11111111, 1111111111 1625-301. 261.

111. 11111111. lv. 111111 Hert. 1111111111111 11 Μ111Ι1111113 111· hans 111· 911111.

13 lover 1111 11 111111 11 111 111111 Suk. — Kremppe, 10111111. 111111.)
1111111111. 1. 11111111.-111111.·1111111. 1111111111.11,2.124-25.

112. 11. 01111. 11131 11111 111 1111111 Μ11111, 11111111 111 1111111311 11 1ο 1111111.
111111 13 1 1111181111 111111111111111111111 13111111111111. — 01111. 111111.)
1111113111111 1111111 S. 69.

Ὶ13. 1111111111 1111111 111 11111111110111. 11111, 1111111111111111111111 1111111.
1111111111111311, 9. julii. 1111111 1113. 4. 11. 11. 1111.

14. 1111111113 111 01111111111111, 011111111111111111 13 1111111 11111111 11. 11111.
1111 111 11311, 11111 13 menige Borgerskab i 1111111311 om 113113 111111-

131111 13111111111111 111111 11 1111111111, som 1111111 111 11311. - 11111111,

1. 111111111111. 111 Geheimearch. 1111111. S. 97.

15. 0111111 11111111 1111111 111 1111131111111011111111113, 11 han vil 11111111111411111.
us samlet mollem Schwedt 13 11311111111, 111111 han 111,111111111113113111
101111011111111. ·- Numam, 24. Juli. (Tydsk.) 0111311111111111111, 11111

1. 23.

1. 1111. p. 113. 1 11111111111111111111816. 16. 11111.

16. 0111111 01111 1111111 111 1111111111 81111111 111 011111111111111111111 111- 11111111.
11 han 11111111 11. 1101111111111111113311111 111 11111311111111111113111
- Remum, 3311111. 11111111.) 1111111. 13 011. 11111111 111111111111101111111111 11111. 391.

11. 111111 1111111 11111 111 1111111111 Chr. 11111 111 11113111311111111111, 11111111.

11113 13 1111111111 1 8111111111, 111 111111113, 11111 1111111111 111111111-

15. 1111, 13 om 01113111111111111.-111111111111131, 1111111. 1111111 1113.

36.

18. 11111. (111111 1111111111 1111111111113 1111111 11111101111111, 11111331 1111111.
11. 11 1111111111 13 311113, 11111111111111111111131 13 1]11111131 11111111,

1111111 11111111 111111111111 af 11 Μ1311111111111111 11011111. - 11. Juli.

1111, 1111111111 1625-30 Ι. 346.

19. Ρ11111 811111111 111 Thomas 11111131, 1111111111 1111111, 111111 111. a. 1111111.
11. 1101111111 har 1111111311 11111111111111 11111110111111 13 11 111311

1 1111311 1 8111111111 1111 11111 1111. -11111113, 201111111111. 11131111.)

11111111. The 111. 111111 11111111 1. 311.

10. 11. Can. 1131 11111101 sor Christ· Thomassen og 01113 1111111 111 1111111.

2111111. (Latin.) Udt· 1)· 5¹¹8· Ι 101111, Third 0111011 S. 69. 031111111111110111-
11111, 11111, 11 [1111113111] 13 11111311111 (11111111111 1111111111 111111 01111111).

11. 51111111, 111111111111111 standon, 11111111111111.1.,11 111 11 11111 11 111111.
K. Chr. lV. med 20,000 2. - london, 3111111. (ltaliensk.) 113. 01111, 111111.

11. 1111111. 11 1111111111 S. 125.

12. 110111111811111113, 11 11011111 1111 11111111 1111111111 1311111111 1111111.
1383331101111111111111811111111. - 11111111, 221111. 111111.) 11111

111-111111 1. 23, 1111. 2.

140·

 

