1651. ἡ —

8. Octobr.

14. Octobr.

15. octobr,

23. Octobr.

21. 011111.
811. Octobr.

1. 111111.

1572 11111 11111111 111 111111.

’18531 111.(]1111111111’1111111111 tit Sverigs 111311 81111111, 1 britton 11. 1.
11311111 11111 01111111111 11, 111111111111111111111111111111 13 81111111 1111111111

1111 1111111. 111151-8111111111, 1. 8. Octobris. 18111111 1111311111111111111111111
81111131-811111111 111. 603-08. “

’18531. 11. 11. 111. 1111111, 11 113111181131811 11111113 11111 1111111111 111
1111111 13 111111111; 83111. 13 11111 skal 1111 1111181111 1111131. - 11. 14. October.
wulricus 8113 S. 252.

’18532 111. 1111111111 118111131811111111111 11811111 1111111111 8111113111, 11111
11111111 8111111 11111 111 1111131 8111111 13 111111111Κ.11111111111111 1. 1211111621
1111111111111111111111.-81111111111, 1. 111111111111 1111111113 Octobris. 1111111 tito
u. 111111 rur 1. 111111311111111 81111111 1111111111 V. 146-59.

’18533 8111111811111111111 11 1111118111 111 81. (1111111111 Proposition 11
8. October, i 1111111 111 1111111111111115 orn Orcsundstotdcn saalcdcs, 11 811113 111
113111111111111111 [11111111 med 11111111 13 111111 113 1111111111 811111111111 11111813-

1111, 811111111313 8111111111. -811111111111, d. 23. 011111. 18111111 1111131111111111111111

11111 81111131-111111111 tv. 612-17. 8111311111111 8111113 ci ct 111 camme 11131113 11111111111111113
11111 11111111. S. 608-12.

10808. 811111. 1111111111. Cottio, Om 8131111111 13 Courrnt 1111. 111. 15.

’18531 81111111 (11111111 118111111111111, cancellarium, scribit, 8111111111
1111111111111111111181111111111111111111 Grai«, - 30. Oct. 1111111. 1 trente, 111113 11111111·
811111111111, 8. 248.

’18535 111111111113 111 111 11111111 81111111 1 1111111111 8111 1111111111,
11111 1111 11111111, ot 11111111 1111 111111 111 Μ11111111111311111 111111111 om 11111311
11118111, 81111311 1111111 11. 11 1111111111, 111113111111111111111 111 1111111131 11111111
Forhandiinger. - 11.Νο1. (Spansk.) 1111.13811111111111111111311, 8111811111111111111·
1111111 S. 66, 111112, 8. 73-74.

’18536Ι 8111111111111111111 1111111181111111111111 8111111 111 11 [1111111111
1 811111111113, 11111 11. 1. 1111111 81131 111 at 11111 1111111111 13811113 111 111 1111111
1111111113 13 bremen tii Ocitagcisc i 11 11111111111111111111113. - Broooocbwer'q, 111. 5.
u. 6. Nov. (Tydsk.) Udt. Ι 11111111, 111111, 1. 1111111111. 8111111111131. 37,

’18531 1111111111, 111111111 81111 1131111111 t. 8111111111 111 111111115111
11111 1111111181111111 811111111 med 1111111113311111, 13 11 111 11 1111111 8111111,

131111 8111111813111, 1111 1111111111 111, 111 111111 1131131 83111311111111, —
ll. November. 811111. 1 11111111, 11111. 811111. 1111811111 811111 S. 218.

’18538 8111111111111811111111111 8111111113 111, 11 citer Anmodoing 11
111 131. 111111 (1111111 Christian 81111111 1111 111111111111111 11 den 1111111111 1111311
1311111. 81111111 111. 1181111111 11111111 0111111111111 1131111111 8111111111111 101111-
11113 13 1111111111111 sami 1111111111 [11111311 11 111111113 31111 ham 1111131. -

21. Ν11111. 11111111 1111111111, 111101111111311 181111111111311 8111111111111 111 8111111113-1111-
sicin S. 81. 1111. 1 111111, 1111111111 811111-1111111. 1112.

’185311 111111111113 111 111 11111111 (11111111 1 8111111111 Grcv 1111111111,
11111 111 1111111111, 1181111111 111111113νί1 111 11111 1161111111 1118131111 11111
1111111111 8111111111, meo 11 man 113 11111111111111111 81111 111111 11311 0111311111.
- 251101. (8111111111 1111.1381111111.111111111131181118111111111111111111111 8911

 

