111111 11111111 1111111111.

*21000 11111 1111111111 og 11111111111111111 11111 11111111111 1 1111111111 11.1 mr.

11 Kongen om, 11 11, 11 11 11 111111 1 11 111 1111 111111111 11111, 11111111

dem kaldede 11111111111111 11 111 1111111111 11111 111 1111111, 1111 1111111111
111, og 1111 ikke 111111 11111 bone 111 1111111Ι 1111 11111 11111111111111111,1111
1 en ny 111111111-11111111111,1201111111. 11111111111.11111.1.111-81.

’21001 11. 111. 11131 1111111111, 11 1111111111111111111 11111111 1 1111111111 21111111·
1111111111 1 1111111111 1111, 111111111111 1111111111 11111111111, at 1111 1111111

1111811111 11111111111, 1111 1111111 1111111111 111 11 111 111.-1111111“11,1.21.111111,
11111. 8111111. V. 127.

’210011 11. 11. 11131 111111111111 11111111111111Ν1111 11111 og Christian wind, 11 1111111,

11 011111 1111111111111 111111111111111111111111111111 1111 8111111. - 1211111111.)
11111111, 1111111111 81111111111111 1111111111 s.170.

’21009. 1111111111 1111111 11 111111111111 1111111111 111 1111111111 110111- 11, 111111.

1111 om [1111111111111111111111. -12111111111111 111111111111,1111111111111111.
1111111111 S. 169-70.

’21010 3111111 11111111 111 1111111 11 M. 11111 11111111, 1111111111 111 1111111111 11. 1111111.
111; 111 11111 1111111111111 111 11 11111 11111 11111111 8111111111 111111111 111-

Supplik 111 111111111111 1111111111111. - 21. 11111111. 1111. 1 11111111, 1111111111 sou·
1111 1111111111 S. 169. 111111111111111111111111111.

’21011 Memoria! 11111111 111 1111111 111111111111111 0111111111111, 11111 111, Novbr.
11111 11111 1111111 11111111 1111111111 111111111111111111111111111 111111111111111-

1111111111 111111111111111. - 1111 Datum. 111.111111111,1111111111 1111111111111111-
S. 110-11.

*21012 11. 11. 11131 81111111 111 1111111111, 11 111 1101111111111111 1111111111 1111111,

111 1111 1111111111 111 1111111111 11 111111111111111. - (2311111111.) 1111, 1
111, 1111111111 81111111111111111111111 S. 172.

21013. 11. 111. 11131 81111111 111 111111111111 111. 1111111-(11111111, 11111111 14, Nom,
111 1111 11111 11111111111 511111111111111111111111111111111 111, 1111 1111111111

1111 111 111111111111 1111111111 111111111111. - D. 24. 11111111. 1111. 1111111111, udum
111111111111 1111111111 S. 111.

21014. 11111111 1111 111111111111111111111111 1111 11111111111111111111111- 11111111,
- 26. Novembris. (1111111 1111111111.111611111111111.111256-67.

21015. ’1111111111 111 81111111111111 1111111111113111 1111111111 1111111111- 1110111,

J 11111111113.- D. 26. November. 81111. 1. 11111 11111. og 111111. 111. 111. 8.1511-541111111
1111. 11 11 summe 1111 1111111111 81111111111111 1111 11 1111 11 (111111111111111.

’21011 111111111111181111111111111 11118111111111111111 1111111111 1111111111 11, Novbr.
Borglum flerredsting. — 1). 21. November. 11111. 1111111111. 1111111111, 111-41,

21011. 11.11.111.’11111111111 111 11111111111111111111111. -111181111111- 13, Nom,
11111, d. 28. Novembris¹ 811111’.111111111. 11111111111668,111.1111111-111111111.

’210111 11111111111 1111111111 11 11 [11111111 Rigas ludbyggere 1111111111111 Novembri.
’ 111 111 1111111 11111111111111111, 111111 111111111111111 1111111 11111111111111-
1111 og successionen. - [1111011111. 111111 1111111. 1 11111. 1111111. 5. 1111. 188-81.

225·

 

