1488 Κ111 0111111111 111 1111111.

1111411111. ’175871 8111111111 111111 1111111111111111111111 1 111111113111111111118111111111
111 (111111111111111, 111111 han 11111111111111111311111111113 13 111 11111111 1111111111·

11311111-11111111111,1.31.Μ13,11.111 (1111111111.) 111111111111111111111111111111111
1111111114. 8111117. 11113. S. 347-49.
1111111. *17581 Κ. (111111111111 til Arent 111 111Κ111111, 11111111 han 1111111111

at lade 111 1111111111 111111 passere Κ11111113 1111 11 11311111 111. - 3. 1111.
1111. 1 1111111111, 011111111 ydra pont. 1111111111629-166011100.
1. 1111111. 9336. 8111111111111111.

1111111. ’17587 Κ. 01111. 1V.'s 01111 111 Arndt 111 111Κ1111,11111111311111. 111Κ1ο11113,
111 111111 1111111311111 1111 Κ11111113 13 11111111111113 11111111111 111111111 11111111-

11111111111, 1111111111 111111111111111111111811111.- 111111, 4.]111. 1111111113·
1111111111 13 811111111111111 11111. 1011111111 S. 325. Archiv 1. 1111111111 13 1111111 11111. 256.

1111111· *17588. Κ. 11111117. amager Esaias 11111111 111 11311 1 Κ113111 flavo 1111
Rosenborg). -·· 111. 5. luni.) Frlls. 81111,111111111131113111111. S. 57. ,

1111111· *17589. K. 01111. lV. 1111111111111 11311111 Ρ111111111, 11 1111 111111, (1111111
111311111111 Udsending John 1111111111, 13 1111111 hum ojehlikkelig 11131111. -5111111

(Latin.) 011. 1111131 1111111, 111111 1111111874. 1111. 1111111111, 011111111 11111111 1111111111 16111-
1611011382.
111111. ’17590 111111111113 1111111111111 1 111111111111111111 1118111111111101·

11111111] 1 1111111 1644. - 1511.) 1111111. 1111111111, 11111 811111 111111111118.11-56.

111111. ’17591 011 11111111 111311111111 11111 011111111111118111111111 111 111 8111111111
0111111111, 1111111111 11111111 111 11111111 13 111111 11111111 1111311111, (1111111111
1111111111 1101111111111111, 1111111111111111311111 [1131111111 13 11111111111111111111-
111311 1111 11 011111. - 8111111111, 15. 11111. (8111111.) 11111111, 1111111111 11110111
1111111 1111 111111 01111111111 1, 1. 117-81.

5· ³⁰¹¹st *17592 Skrivelse 111 11 1111111111 0111111111 1 Μ111111111 111 1111111111, 111111
11 1111111 11111111111113111111 1111131 111111111111 13 11111111 11111111111111111311
113111111 011111111111 1111111111 13 0113111111 11 1111131 111 Κ. 11 [1111111111 811. -
5111111111, d. 15. Junii. (Τ1111111.) 01111111,11111111111111111111111·Ο111111111.289-94.

111111. ’175911 8111111111 111111111111111111 (1111111111 1 0111111111 111 Kejseren, 111111
11 1111111 11 Μ111111Ι11 111111 111111 8111111111 ΚΙ111 111 11 11111, som Salvius 1 111
111 111 111111111111111111111131111 1 1111111113 111111131111 111111 81111111, 1111811111
1111111, 111111 1111111111111111 111111111113111111. — 0111111111, 1. 15111111. 11111111
11111111, 111111111111111 11111111-1111111111. 279-88.

1111111. ·17594. Skrivelse 111 111 1111111111111111111111 1 1111111113 1111111111 8111115111
111111111111111111, 111111 1111 11111111 11 111 (1111111111 31111 11131111111 1111111111)
1111111111 1111111113. - 1111111111, 1. ,1,..1111111 1111111111.) 111111111111111111111111111·
11111111 01111111 4. 81111 1111113. 8.319-51.

11111111. *17595. 011 11111111 (1111111 11 m 1111111111 11111111 111 81111111111111111
11111111111Κ.6111.11’., 11 111, 111111113111, 111111 113 1111111011111; 1111111111,
1ο111111111111111111111111.-17.11111. 1111111.) 1111111. p. 1111111 1111111111, 11111111·
ydra polit. Historia 1629-1660 11. 105. “

1111111. ’17591 011 11111111 111311111111 11111. 011111111111 8111111111 111 111 8111111111

011111111111, 111111 1111 11111111 1111 111111131111111 1111111113111111 11 11 1111111 - 1
8111117111,11.8.111111. (811111.) 1111111111, 11111111111111011111111111111111110111111111 Ι, 4. 181-81 ⁴

 

