1788 Kone 1111111111 nnn Tannnn.

- — ————-—-—— -————— - —--——— —--—· ——z

0600011. ’20911 11. 81. 111.’1111111113111 1111111111 11111111 111111 111111, 11 111111131111

Hannibal 81111111 1111113 1113111111 111 0111111 1311111111 13 11113111 1111111111-
111111111. -- (l. Novembri 1111. 1 1111311111, 01111111181111111111111 1111111111 8. 119.

101111. *20971 11. Fn. iii.'s 01111113 111 Marcus 111111111, 11 inan 11111 31111 Hanniba]
Seheaiad 11111 11111111111111111111 13 111111111111 ham 11 inventarium. -1111111111111

011. i 11131111, 01111111181111111111111 1111111111 S, 149.
2. Novar. 20915. 1111. ili.'s 13 011113 0111111111 11111111 ai Gonnorps 1111111 0111,

11111111 0111111311 11 111 1. l. Sapibr. 101. ’208591 1111111111 8111 1111111111. - 01111-
11111, 1. 2. Novembris. 1111111 111111111111111.

2. 1111111 20916. 0111113 111 11 1111113111 1111111111111111 0111111111111 1111111311 nnn 11 ny

111111, 111111, 0111111111111· 111. - 0. 2011111111. 111131110111111111111111111111111-11,

01111111 011. 1111 11131111, 011111 111 81111111111111 0111111118108-09, 111 1111111 111 111 11111 111
111111111111311,

1011111. 14266. 011111111113111,01111101111011111118122-21 1111. 0111. 11111115. 1111611.
1111111. 1 11111111111111111. 111 (i. 11111101111131111111111111111 100111. 01111111 S. 25-21.
1. 1111111. 20911. 11. 11. 111.’1 111111113 111 1111111101111111,01111111811111111,9111101111
13 Hans 8111111, 11 11 1 91111113 med iorskjeiiiga Embedsnnaend, 011111131130113111
111111 1111111111111111311 111 11 1111111111 1111111111111111111, 111 11 dnn 11111 111111-
ligate 11111 01111 1111101101. - Hasna, 5. Novbr. Udi. i 11131111, 011111111 81111111111111011111111
8. 151. 01111111, 0111111111 11111111111 01111111 S. ι11-15.
’209111 11.1·“1. 11131 1111111113 111 011111111111111111 111111 1113111111 01111113-
1111111 11111111, 1111 1111111111 1111 11111111 111 01111111, 111111111111111 1111111111 111111
11111111111111. - (5. Novhr.) 011. 1 1113111111. 011111 111 81111111111111 1111111111 S. 150. 11311111
111111113111111111113111111111. 1111. 8111111. S. 150-51.
*20919 Tuos, 011111 niniven 111 811 11111111 1111111 1131111111 111 11111
011111, 1111111111 81111111 nava 311111 1111311 1111111 111 11111111, 13 11 man 11111111
111 1101111111111 11111111 11. 111131111 13 111 1111111 1111311811111. -- 15. 1111111.) 1111311111
Udi. p. 1113. 1 111111 11111111111 11111 111111111111 11 1111111111 manuscripta 8. 195.
’209110 111111111111111111111, 31111 ·ii 1111111 generale«, Cavaiinre 0111811111
1111111111 111, 11 han 1111 111111 1111113 11111111111111 1111 111111 111 11111111111111111
1111111113111. - 11111115. 0111111111, 1111111111. (1111111111.) 11111111, con 11111111 alii-ii
(1111 11111 Onera). 1111111111, 1111111. 111 11111111111111111 111. 110.
1111111.Ι 20981. 11. Fn. 111.’1 01111113 111 1111111111 8111111111 13 0111811111, 11 11 sannen
1111 01111113 13 0111 11111111 anmi 1131111111 1311111 0113111111) 1111111 111111111111

1111111111113111 01111113 pan 8111-1011111111111 1111. 1111131111,11111111111 1111111111

0111111118. 151. Samma 013 111311 11 11311111 0111 111 1111111111113111 pan 8111111111 13 11111111.
111 111111111111311 11111111 8111111. 8. 152153.

’20982 101111111111131111 11 1111111111111111, 111111 1111111131 113 111111111111
3111 1131 111111111111111111 13111111111111111111133111. 81111111311111 dn 111 1111111111
1)Ιί11 hjemioriovnde. - 16. Novembr.) 0111111311111.0111111118111111111111110111111118112.

20983. 1111131113 1110111111 0111111, 8131111111 1. 1111111111 13131111181311, 1
111 1111311 111 11 111 11111111 0111 11 111111111111 11 11111111111311131111111 111111111- ’
1113 111 111111, 8111111111 111111 [1111111111111 Nnvbn. 165911181111 111· den Unam.
1113, han 3110111111-11111111111111 8111111 1 111111111111111111111 Pinner 13 811111. — ἵ
Kalama, d. 6. 1111111111. 1111111111111111. v. 111-19,

 

