1610 Kone 11111111 1111111111.

ἰθῑῗῗέδτ- ’19311 111111811111111. 1111111111 11111111011111111 111 11111111ὴί11 11111-

11111 111 1000 11111. 11 811111 111 11 111111111111111111. - 1. 011111. 011 1111111111-
11111111 S. 120.

2111111 ’19316. 011111 1111111111 111111111 111111. 11311111111111, ai ii. 11111111111111
11111111111011111111111111 1111111111, som 1111111 111111 1111111111 interesset 11111
1111111 111 111, men ai [1111111111 1111 11111111, 1111111111 111 111111111111111

1111111 111111111111111 1111111111 111111111. -11111, 12. Dec. 1111111 0111111111
1. 1111111. 1 1111111111111111111111111 111 11111111111 iiii. 87-88.

301111. *1931‘i 011 11111111111111 0111111 1111111 1111111111111 111 1111111111 11
1111111111 811111111111111111111111111 11 11111 horter, 111 111111111111111111111-

11111111.- 1111111111, 11. Dec. 011111111111.11111,11111111.ι.11111.1.1111111111111
wilhelm 111 11111111111 viii. 111-18.

3111311111. ’193111 11111111111111 01111111111 1111118111111 og 111111111111111111·

11111; 11111111111111111111111111101111111. - 1130111 111111.) 1111. 10111 11 1111111
(111111. 1. 11111. 1111111111111111111111111111111111111111. 140-42.

i. 11111. ’19319Ι 811111111 111 1111 11 11111 111 1111111, 1111111111111111111 1 Paris, 1111
11111111, 11 1111111111 111 01111111 11111 11 1111111 godi, 11 11 1111111111111, 11111
111111 11 111111 11 11111111111111111111 1111111111- 11111111, 11 1101111111.
(Bollandsk.) 111111 01111. 1 1111111 11111111111111 111111 11111111. 490-91.

8111111. ’19320 11111 111 11111111 11111111 111 1111111 1111111111 og 1111111111
(11111011111 111111, om Κ. 11 1111111111 111111111111111111 og 11111 1111111111 1111111
1111111111, 11111111 1111111111111111111111111 Coriiiz Uiieidis Grevinde‚ 111 1111111111

ham 111 0111111111, 11 1111111 1111111.- namium, 1301111111. 111111.) 1111111111
11 1 1111111111 11111111 i. 125-26.

1111111. *19321. 1111111111 1111111111 111111 111 ’1111111111 111111 11 1111111111-
1111111 1111111111 111111 111 11111111. - 1111111111, d. 9.1)1111111. 111111 ung. 1. 11. 111-11,

11. 01111. ’19322 11111111.011111811111111111111, 11111111 han 111111111111111111

1111111111 11111111 med iiiiiggende 1111111111 1111111111, Rauffnsborig 111111, 111100
iidir. - i). 11. December. 1111.111111111,111111111111111.,11111.8.88-89.

12. 111111, ’19323 ii. 11. 11131 91111111 1111118111110111 1111111111111111 1111111
111111 11 1111111 Η1. Hans Faxo, 8111111111, 111 11 11111 11111 1111111111. - 1111111,
12. 0111111. 1111111111. 1111111111.

17. 011111. 11827. 811111. 11 1111111.

11. 111111. ’19321 111111111113 111 1111111111111111110111111111111 iii 1111111111, 11 1

man ved 1112111111 1111 iiie 1111 1118111111 011111ῑί1111 og er 1111111111 11111111- ,
. eii.

1111111111, Hi? 1111111 1111111.1111111111.1111111111111111111 1
31111111111 viii. 178.

1101111. ’19321 0111111 1111111, 8111111111 i 81111, 1111111 11111111 111 1111111 ¹
1111111 1111111111 og Menigheden 1111 111 11111111 11111111111, 11111111 har 11111 111

11111111 111 1111111111 111 11111111 111111111 11111111111101111111. - 81111 iim

91111111 pua Lanqeland, 3. Juledag. 111 1111111111. Sami. 11313-51. 1111 1111111111 ai 1111 ciui·
11111 11111111, 111. 1111111111 1. 8. ianuarii 1657.

 

 

