11111 (1111111111 111 11111111. 1431

—-- -—-——-——--—-——-.—.-—-——-.„---

72. 11. 11111111. 1111111 11111 81111111 11 1111 1111111 med 811111 111 2111613141

11111111 11 1111111111 111111111111111111. - 20. Febr. 111111111111111111.

11111- eg 1111111 11111. S. 11⁷.

13. 1111111 111111111111.111111111 1111 (1111111111 0111111111, 11 1111111 111111.
11 11111 11111113 111111111111 1111111111 111 1111111111, 1111111 11 11111
1131111111. - Wien, 1. 1. Martii. (Tydsk.) (1111111,11111111111111111111-

-13,

Ἰ’4. 1111 111111111111111111 1011111111111111 111111111 111 111111 (1111111 20. Febr.
1, 11 11 1111111 1111111111 11111 megae Vaeeen 11 111111111111111811111,
111111111111111111111111111111; 111 111111111, 1111 1111111111 1111 11111

Salvius 111111, 11 11111111 111111111111 11111111111111111, og dog vil 11111
Maeglor. - 0111111111, d. l. Martii. (Tydek.) 1111111,1111111111111111111111-

-11,

1. 1111111 1111111111 111. 111111111 11. Chr. 11., 11111 1111111111111111 11. 1111.
11111113 111 ham 111111111111111111 0111111111 11 81111111; 111111

· 11111 81111111 111 11 111111 1111111111 111111111111111111111111111111

erck3 hvis Plettenberg ikke 111111 111111111111111, 111111111111111

111 11 1111111111 sig 111 1111 1111111111. -— 111111, 1. 2. Μ11111. (111111
1111111 1111111111-(1111111111. 111-11.

. 1111111 1111111111 111. 1111111111111 11 111111111 11 11111 111111111111 111111.
11 Β11111111 og 1111111111111111111111 1111111 11111 11 8111111, 11111
Fyreter og 111111 1111111111. 1111111111 111111 11111 11111 111111111111111
Wien, d. 2. Martii. (Tydek.) 111111111111111111111111111111-1111111111117-11.

. De 1111111111 6111111111Μ1111111 11111111 11111111, 11 11 1111111 211111.
1 11111 1111111 1111113111111, 111111 111 11 11111111 11111 1111111111 11
1111111 1111111111 og sveri& det eynee 111111111 11 11111 1111111111, 1111
ikke gear 111 111111, 1111111111111111111111111 181111 1111111111 begga
, -·- 1111111111, d. 3. Martii. 1111111 (1111111,11111111111111111111111111111

De 1111111111 1111111111 1 0111111111 11111111 11111111, 11 salvius 11. Febr.
111 111 11 111111111 1111111 11 1111111111 1 11111111111111111111111111111
·g muge erkloeret, 11 1111111111 11111111 11 1111 11111 81111111 med Fren-

111111 heve de 11111111111111111111 (11111111 (1111111111111 1111111111.
1, 3, Martii. (Tydsk.) 111111111111111111111111111111-0111111111111-21.

1111111111 1111111111 111111111 11 [1111111111 11. 1., 1111111111111, 11 23. mr,
111111 beruldmaegtiget 1111 egenter i 11111111 og Wien 111 11111111111 med
an blev 11111111111111111111.- Pare, 4. 11111. 11111111 1111111111
hemel 1. 605-06·

Kardinel 1111111111 1111111111 11111111 Το11111111, 11 11111 1111111111111 21111),
elderegler 111 1111111111111 11 1111311 1 111111111, 1111 11111 Stridon
- Paris, 111111. 1111111.) 111111111111.1111111,11.

‘jaevnes 11111 ej.

Hueoms 1111111 11111111111111111111,11 11111111111111, 811111, 11111111 11, m„
nanis componatur, alique pecie pignore 1111111111 1111, refertque 1111,

 

