10110 10101011 011 ’101011 1627

1169. K. 10. 11138 03 Hert. 1111011111 111. 01 1101101118 001100 0101, 1110110110 111161511ξο

11001103 101 1101103100100100 111 d. 29. April i 1100180013. -11001111011, d.
(Tydsk.) 810111. 0111010110.

170. 101001010103 110 100 1111008110 0080011 1 1101000010 0101 1110011100 01111111,
11111011 01811081010010011010111181100100; 1100 har 81110101 111 10 0018110 80-

1101 10010010 101 01 011010 10011001 111 81100100. - 10110118. 1811008111
081 1 Gigas, 0101 110100111οο 10 1101011010 S. 277-78.

171. Hert. 1111011101 111. 0160110111 101101810111111010110111110118108113,10111 101 6, 1111111,
00 01 00 0010 1 001111101001803 0101 flans 10101800 1110011001 1011110101-

jort 10131011 1 11008101181101100, 03 0111111101 00010100 1010311113. - 60111111,
(Tydsk.) 81001000, 008011. d. 1110011. 0. 111101-110011111. 1101103010018 8011101113 111. 376.

172. 8111110180 110111 01 11111111 1101001, 0010110018110080011110118, 111011 1111101,
:iver Oplysning om 10111011οῑ111 10 00111810111301. —· 11011010, 1016.Μο18.
1100011 01018. 1 1011108 01 1103001011008 101010 10 11111 1. 412-10.

173. En »1110111101οο 0111111110 110180180101 111 Ν1010 1018111013 1100 01111111.
111, 01 han 811οΙ 1010 10130011018110 000108101011 11118 ikke 8101 100 1010
1101 hans Gaard, 03 11000110101801010110110810310 0111111101, 80111 111110
Manna. - As Himnursyssel, (1.011011000111118. 81101111181111181031011031.

174. K. 111. 111. 11010101 81000 1100110111 03 Jacob Rodsteen 011010118010101- 01111111,
11111 01101118 00011 101 10 0011001010 1108001101 03 1011100 1010101110 03

(1018 03 11081011, men 010110101011018011,110110, 1111010, 81010, 1101110101ηο 0.

110 11010, 10180011111100 0081101101, 1111130001Νο3100111110801, mod 01 hun

, - Haffln'oe, 9. Mart. 11808110 801111. 1. 11. 1. 358-59,

175. Den 81100810 00800118101188011101018111001118 8111110180 11111. 0181100100, 0. 1111111,
01110301 813 0101, 01 0080011011 ikke 111 3110 ham den 1111100300 108180110100.
tm, d. 19. Marte. 1811110011.) 0001101011. 1 1111011181.80101.3.11.111.6112.

176. 8111110180 110100 81008110 80110101811100111111810118011010100 0010011110 Ι9. 1111111,
111011 han 1101110301 813 0101, 01 008001100 0101 1100011010 ikke vil give ham

'gen 1108101010 1000103, 03 00101010 01010101 1010011000101 00800110101101. -
1. 19. Marta.) 18100811.) 0111101010. 1 1111101181. 8001. 3. 1. 111. 601-53.

39Ι 1111. 1 01308, 01010011111100101010110008. 258, 10111. 3. 18, nanu,

177. 8111110180 110111 0111111 111 001001, 001011001811 00800111 10118, 111011 00111101,
giver Oplysning om 101110011103011001 den 100810 0000011 1108011030 00-

01103οη 01811110,10180110100110130.-,111 Hm, 1,, mmm· (Bonandsk.)
1 1011100 01 103001011000 delean 1011111121-28.

173, 1111 1010101000811 1110100108 111 10180100 10131100 11Ιο30, 111011 10 11110101.
01 det i 1649 i 1100180013 810110101110101113 010 0110011013 03 110110οη1001
’,ρὴωγθι - 21. Μῆη. (Tydsk.) 111111111001011, 1110 0110010130 0. 111001001101301

auf 8011100113-110101010 8103,

179, 1111 11111110 Μο0101101 til 11008 10301 10101 11011103 1100 11001100800101, 11. 1111111.
,0 81101 11110110 1 11008 1101010180. - 22. Μο1111. 111011,11011111108.11-12.

 

