. 11010 00000011 001 100010. 1615

9028. 010100 0010011110 011110111180010100 010100 000113, 01 hun 10001 001 1111111111·
81101, 01 00100 110001 1111101 mer og 0101 10111101, 10101 100 100 1101 100 01 0100

000101, 111Μο00000 10011100 101 101000 01000 10110 810001. - 00110010, 1111.

0110 80011. 2. 0. 11. 301.

1029. 0000101100 01 8101100010 111 1111001001 111101, 11011 00 0100113010 1111111111·
00 0131111130010111110100 00 1011100010 03 01000 101 1010101113 01 0110330

ιο001; 001 gives 00 10110301 001111103 111 1100100100010000; 0000010130 Be·

0100000; 000110010 1010111103οε 101011011130 0001011103οτ, 1001 0101 00 000

- 11101, 28. April. (Tydsk.) 001. 1 0111001011. d. 0000101110. 0111010111011011111111111.

030. 1101.. 03 0001000110 000111 111 100000300111101, 111011 10110101 1001- 19. 1011110.
1011013110000 0101111010 00 1 0130- 03010000101000110 1031000000 001001 01101

111110301 111 00100010000; 11Ιο30100 0101110001οτηο 010100, 003 0111100 00 min·

1100 1’ [100131; 111.111.-- 29. April. (Tydsk.) 1101101000,0011.0.1100010111111. 0.

1111101111. 111.210-12.

¹314 1110000011Βο 03 81100000 1111101103 010 1110000300 111101, 11011 00 0111011111.
10110101 101 1110 0110000 01010 000 000 131. 03 101103011301100111, 00 0οῃ

,1 dem 01101000 01 1101110101. - 11101, 30. April. (Tydsk.) 011. 1 1110101000.

1110101· [10111101111111111. 1111212-13,

12. Dm 00110010000000 0001101 0111101 111 11011. 01000111 wilhelm, at 000 1101111110.
10 1100001000 110100 0131 ham, 01 han ikke kunde 1130, 11101 010301 810113

paa Sinde. — Haaq, 11.Maj. (Tydsk.) 1111.0.1010011.1.010011. 0. 11011. 01100-

m 0101100011013111. 120-22.

13. Ν1000 0101001010101 11110110 001300 101 010 010001 11031000, 01 han 2. Ι111
stede 01101 010 0111311000 3000001103. -110110100, 2. 0111. 11110101. 0101.

 

4. 11. 011. 111.’0 0010111031 101 000 000010 000100011000110 111 0110010110 1. 11111.

’805146 Ham ‘' mmmm 4· Mai· (1011111) 111111 01310, 0101001001010010
. 1101111 0010101301οο 0128. 1101. 1601,

, Danai: Journal 1.0011111,111101· 03 110000110110001111 1811 11. 251. 1111100111. 5. 11111.

‚warum 1 01311, 0111 0010110100 00 0011011000 8. 209. 5, 1130,

,, Ν1000 011100 heder 1101111 1110000, 0310. 1 00111013, 010 0131101100 01100.
11 111 001 0010111001, 1101000 01010130 11013010 10310000 00100 001 111
11 1111011101 1100000 01000, 01101030101000 hendo se 0113101100. - 11101100,

Ter, 1110000101101 010 0011013 s. 102-03,

, K, Fr. 11{.'s 00111103 111 8100 111110, 10001110. 011 1010103100, 01 han 011011.
sade? til Frederiksodde. - 8. Maj. 1101. 1 0013,8011100101.1.01000110100 1101101-

127.

SAEBY 000 vide 03 0001031010ον 001 0110001101θο 03000 sord, 01100100 011111
Brug, .- 810000, d. 9. MaJi. 801111.1110010111031000302.11.164-67,

Kommissarierne 111010 Το01100 03 00100101 8110010 811110100 1110110 1011111.
ndsaettelse 1100100103 810000010101111100000 03 00300101101000 0101-
ηθιῌρμραανά, d. 10. Maj. Peterson, 111030 0101 0111. 11111. S. 81-80.

2031

 

