1660.
18. 1111111.

31. 1111111.

1111111.

1111111111.

2. 1111111.

3. 1111111.

4. 1111111.

5. 1111111.

1766 Kone 1111111111 1111 11111111.

20108. 1111111 1111111111 1111111 111 1111 11111 om 1111111111111111113111111
11111111 13 11311111 1111111111 1111111111111 111 1111111 111, 11111 111 111 1113111111,

1311111 nu 1111111 1111111 111131. — 1611110113), d. 28. Μ1111. (8111111.) 1111111111-
green, 11111 Gard. 11111. kk. 6.
20109. Β111111(111111111111111111, 11 11111111 1 Oliva 11111111 111111 11111

111113131111111111 811111-0111111111, 11111111 111111111111131111 lettere 11111 111111311-
11131, da der 13111 11311 011131111 1111111113 1 111111111111; 111 11 1111111111 1111111111
Minister uden 1111111111 111 11111113 med 0111111111113 111, 11 111 11111111 1111111111 11

1111111111, 11111111111111111Ρ1111111111 111 111111111111111 med 11111111111. - 1011111.
111111111. 1 81111311, 81111113 111011. 011111. 113. St. S. 163.
20110. 1111111111113 111 1111111111 111 1111111111 13111111111111111111311111111

111111111111811131111111.- 011111,1111110. 11111111 1111. p. 111111 1 11111. 111111.
011111. Lxx. 556.

20111. Hert. (1111111111 1111111111 11 01111111 811111111 111 111111. 111 111111111- =

1111131, 111111 han 11311 1111110131111 denne 1111011111 11 1113111111 om, 11 kk. 1101111111
111 11111131 ham 1111011111 11 11 1111111111111 1111111111 11111 11111111 ham i 111-
111113611-110111 Datum. 11111111.) 11111111111111111,11111.1.1111111111.1.11111110111111111111111,1181.

20112. 11111.011111111111111111111 (1111111 1111111111 111111. 111 311111111131111 k
11111111111111111111811111111113 1111111111 hos k. 11 [11111111. - 01111 Datum. 1111111 d

Brudst. 1 1111111, 1111. 1. 111111111111. d. 111111011111111111111111.1. 183,

20113. 11111 1111111131011111111111111111111 13 111111111111 111. v. 111111 111111 ¹
11111111111111113, at det er 1111111131 11 111111 1131111111111111111111131. - 1111111, ¹

111111 12. (Latin.) 011. p. 1111111111. 1. 1111111. 011111. 11111116.

20114. 11111111 81111111 11111311 1111. 111. om Konflrmation 111 1111111111 4

11113111 13 1111111111111111111 250 011. - 811111, 3. April. 11111 1111111 11311111.
20115. Η111. 0111111111 1111111111 11 01111111 1111111111 111 sine 0111111111 11

11111111 om 11 Β1111311111, 1111111111 11 111111 111111111113 med 1111131131-111111. ‹

(Tydskq, 1111111 13 0111 0111111111111111131. 11111111-11111-11111111 (1111111111. 1. 1111111111. 0111111111
112. 142-43.
20116. (1111111111111111111811111111, 11 111 1111111111 811113 13 Ρ11111 11111111-

111111111111 11111111, men 111111111111111111 11111111 11111111 11112-311311, 11111 ikke ἵ

1111111111 mod Forvenkning 1111111 1111111111111111; 1111111311 11811111-Ρ11111111111

, 111111111111311111111131111; 1181111111 311 1111311111 11111111, 1111111113 1111111111111

6. 1111111.

1. 1111111.

9. 1111111.

10111111111111311111111111111111; 111. 11111111 111113113111, 11 hun stoker 111, 111111
ikke vil 111113111311111111111113111111011111111 1111111111, 11 111 113 skal 1111111111

111110111111 111111111111 11111 1111. —- 15. April. 11111111111111111311, 11111111 111111.
011111. ll. 3. Sk S. 163—64.

20111. Biskop 11111 81111 1111111111 111 11113111 11 11111111111 [1111111111

111111 11 11111 1111111111 11 1111111111, 1 1111111111· 51311. - 1115111111, d. 6. April. 1111111111
811111. 3. R. 11. 313-41,

20118. 1111111111113 111 0111 111 k. 11 81111111 om de 1111 6. 1111111180
11111311111 1111111111111111111311 mallem 1111111111 13 811113 13 Μ1111111111111111011-
mark 131111131 01111111. -111111, 11. 111. 18111111 111111 oven. 1 11111. 1111111. 111. 111. 111-11.

20119. 111131111111111111111111 811111 111111, 11111111 1111111111 13 111111 111111
1111111 Ρ111111111111111 Ρ111111 6111111111 11 111111111 Μ13111111111 1 0111111113 100111Ι
1113, 11111111 111111. -0111111, 1. 9. Aprilis. 111111111111111111111111111. 11111,

 

