111111111111.

0. 1111111

’19898 11.11111131111111111111111111111111 og 1111μ 1 nu ιι 11111111
11111111811111111 1111111181111, 1111111 111 111111111 noga Tm 111111 11111
8111111111. - 11111111, 1211111. 1111111111 sm] 11 111

’19881 011111111111111111111111 11111111 1111111 Ouo 8111111111, 1111111-
111111111811111, 1101111111 1111 1101111111181111111111, so· 1111111 hm (11111.
- 111111111111,1.24.1111. 18111111 1111111111111111151111111111111 1171111

’198911 11. 1111111. 011111 11111110111111111111111111111111 81111111 11111111

1111111 1111111 11 1111111111111111 111111111111111. - 11111111, 15. 1111. 1111111 nat 1 11111
1111111 11111111111111111111811 8. 129,

’188911 11. 11. 111. 1111111111 1111 8111111111 81111111 11 1111111111 111
1111111 Ι 011111. - 1111111111, 281111. 1111. 1 nonu 111. 11. 111.

’18891 G. 11. 1111111111 811111111 111 11111111011111, 11 han, 11111111 1111111
1111113111111,111Ι11101111111111 1111111 1 11111 1111 11 11111 1111 811111, 11111111

11111111 111 11111111111111. - Datum 111111ιὶ11111, 12811111. 18111111 1111111111, 1. 11.
¹¹ m 91’19898 11. 1111111. 011111 111111110111111111111111111111111181111111 11111111

11111111111111111111111011111111111- 11111111,21. 1111. (111111 111111111111111111
111111111111111111111 1811 8. 1211.

’19899 11.11111111.0111111111111111(11111111111111111 1 811111 11111 81111111,
111111 1111 1111111111 11 11111111 01111111, og 11111111 ham 11 1111111 1111111111111111111

1111111111,111111111111111111111 1111111111. - 11111111, 1. 28. 111. 18111111 1111
1111111111111111. 11. 18.
’19900 1110111111, 11111111111111 111111111111 1111311 111111, 1111111

11. Fr. 111. 111, 11 111 1111111 Konga 1311111 tage Sjaelland 13111111 ham 1111111, og

111111 11111 111 11 111111 111 111111 11111 11111111111111. - 11111 Datum. 1111111111
1111111, 1111111. 111 11111111 111. 811.

11123. 111. p. 111111 1 1111111111111111111111. 111.
’19901 1111118111111111111111Μ. Henningum 8111111111, 111111111181111·
1111111 episcopum, 11111, 11 Μ. 1111111 11111, Pastorem et Praepositum 1111111111, 11111-

11111 quod 11111111111111111111111111,1111111, 1111111 11111 studiis scribit. — 11111111, 1111,
1111111111. 81111. 8. 11. V. 218-11.

’19902 1111111111 111 11111111 11131111 111811311181111111011111111111111
011111111111111111111111111111111111111111.- 1111111111, 6. August. 111111

' 1111111. Ι 1111111 1111. 11. 811-18,

8. 1111111.

8. 11111111.

a 11111111.
8. 1111111.

’19908 11. 111111 X. 11111111 01111113 111 01111113111111111 1 smne 111 11 11
1111111 1111 11111 111111111111, som 11111 111111 111111 111 111 111111 8111, 111

11111118- 8111111111 11111111, 6. Augusti. 18111111 111111111111811111311111811111111111
1868 69’1998601 111111.11911111111111111111110111111111, 11 han lige 1111 1111111,

11 1111811111 11 11111111 11111111 1111111111νί1 111 11 gna 111 11111111. - ,11111
1811111111 011. 1. 1111111. 1. 1111111. 1. 11111. 1111111111111111111111 1111111111 1111. 28?ss
12730. 011. og 1111111. 1 11111111111882111.16.

’19900 11. 111. 11131 01111111011111191111111, 11 1111 stru skal 1881111811
1111111111 og 1111111111 81111111111 111; 1111 1111111101111 mu ω ‘j „mm

Faestningen. - Kiobenbaffn, d. 8. Aug. 011111 111111111811. 1111 111 M 1 1111111111
1881111. 111.

 

