1111 11111111 1111111111. 1081

1608.

1774. low 11111111 11011111 111 11111, 11 111 111 111 111111, 111111 10111111.
1111111111 1111111111 111 1111111]111111111; 1111 111 1111111 111 11111111

g 11111 ej 1111111 bort 111 med 111111 vande. — 1). 1911111. 18111111.)
salumn, 111 11 0111. mh. vm. 221.

1775. 11111. 1111111111111 1111111 11. 1111111111, 111 111 1111111111 1111 19· Ml·
1111 1111111111 111 1111111 1111. -01111 1. 1811, 11. 111111. (71111.) 1111. 1 0111.

1111. 1. 111111. 11111111111111111111 1111111111111111. 874.

1776. 11111111 Μ11111111 11111111 111 81111111, 11111 111 1111111111111111, 19. 1111111.
11111 1111 11111 1111111 1111 med 01111111. - Pam, 291111. 1111111.)

111. 1 1111. u. 1111111. 1. 01111. 1. 111111. 1111111111 wilhelmum 11111111111111.119.

9777. 11. 111. 111. 1111111111111111111111111 1111111111 om, 1111111111111111- 20. 1111111.
11111111 1111111, 8111111111 1 1111111, 11111111 at 111111111111111111111, 11

11111111 1111, 11 11 8111111 111101111111111 11 1111 011111111 1111111, og
1 11111 dom 11 Sum 911111, 111 1111111 sig 11111 111 11111111. - Kjoben·
d. 20. Martii. 11 1111111. 1111. 1. 111-11.

9778. 111 111111111111-101111111111111118111111111111, 1111111111, 1111111- 1111111111,
Speirmanns 11111111 111 11111 1111111 111 Berlin, 11111 111111. 1181111111111 11-

11 111111 op 1111811111; 11111111 11111111, som 111 111111111111111111
1111111 11111111111111111 Sjaelland‚ vil 1111111111, 11111111111 1111111111 11
1 med sverig, ikke 11111 11111 med 1111111111111111; og 11111111111111111
111 1111111 med sverig, 111 111 11111111 1111111111 11111111 11111111. - Colle,

Harum, 21. 11111. (Tydsk.) 811111111111111, 01111. v. 11111111 u. 111111-
44.
9779. 111111111111111111-11111111111111111111111111111 »Nebna-Memoria«, 21, lanu.
111 1111111111 11111171111111,11811111 1111111 1111111 1111111111111111111111,

1111111 11 den Hjaelp 111101111111111111111111111011111111. - 21. 11111. 111111.)

nh. v. 11111111 u. 8111111111111050. 11111111111111111111111.)

9780. 111111111111 111111 111111101111111 1111111111101111111111111 om 21, mnu.
·5 ⁰8 11, 11111 X. 0111111 11111 1111 1111111111111. - 31. Marte. (811111.)

>anuh Ι Gigas, 0111 8111111111 11 1111111111 8. 380-31.

,9781 0111 1111111111111 1111111 111 111111. 11 11111111111, 11 11. 11 1111111 22. uum

sine Planer 1111 811111, 111111 [11111111 111 11111111 1111. - 11111, 111111.

1111, og 11111111. 1 111111111111. 1.01111.1.11111.111111111 wilhelm 1111 81111111111 1111817.

2535, mre 1111111111111. 81111, 111111118111111111. 1111111111 111-24. 21, ML
19782. Magnus 11111111 011111111111 11. 1111111. 0111111, 11111 111 11111111 imod 14. 1111111.
oe som 11 11111111 111111 111 111 11111111 1111. - 11211111. 18111111.)

1111. 1 0111111111, 811111 1111111111 11111111 11. 81-31.

19783, 1111 1111111 11111111111111 1111111111 01111 81111111 111 11111111 111 11111111.
1111111, at han del s⁰fd0f¹igflte skal 11111111 111311110811111111; 61111 11

111130 til Foder. - Autome, d. 24. Martii. (Tydsk.) 011111 01111. 181111 111111
01.1x.148.

{9334 0111111111111 1111111111 1111111 111 1111111 111111111111111111111, 11, flattu.
32 i 11381111, som til 11111 111111111111111111111 1111111111 1111111111 111

at 1111111 111 1111111. -1101111111111, 2711111111. 1111111111.1111.1.111-01.

 

