1562 111111 1111111111 111 1111111.

-———-

111111· *18411 1111. 11131 1111111111, 1111111 111 11111111 11 1111111 1111111, 1111,
Lam, 1111, svin, Gjeder og 11111. - 11118111 1111111111, 1. 11. Februarii. 1111.
111111111. ·

18. reor. *18417. 11. 11. 11131 1111 111 111111111111111 11111, 11 1111111 1111111111, 1111
mon 1111 1131111 11111111111111111 aher 11111111 ogi 81111111111 111111111111111
og 111111, 1111 111 111111 11111111 1111111111, 111 111 1111 1111111111 1 111 11111111,
11111 1111 11 1111111 hid oller 111111 11111 111 111 111 Peter Gyssen. — 181111.
111111 og 1111. 1 1111, 8111111111. 1 11111111111 1111111-11111111111111. S. 121-22.
20· reor. *18418. lodberetoing 111 1111111111 1 1111111111 om 111111111111111111111
[11111111 og Suogeroloff. — 1111111111 1111111111, d. 20. 11111. 111111111811111.
v. ooo-31.
111111·- ’18419. 11 811111, 11111 11111 (1111111111) heder 1111111 (1111111111 111 11
1241111· 81111111 111111111111.-111111)11111. 111111.) 1111111111 111 ornan og 11111111 11111111.
1111. G. 111111 11111111111111 11111111 11111. 11. 14. .
111111.- ’18421 11 811111, 111111 11111 (Vmor-vrrs) heder 1111111 1111111111 111 11
¹²¹ ⁴⁹¹⁰· 81111111111111111111, 111 111111 11111111 111 111111 1111111 11111111111111 1 11111111
11111311Ν111. -Uden 1111111. 111111111111111111111111111111111 1111111. G. 111111, 111111
[11111111 1111. 11. 14-15. ,
111111 ’18421 11. 11. 111.’1 1111111. 1111111111 111. 1111111111 111111 1111, 111111111

1111111111111, ot 111 1. 14. April 11111111 11111111 1111111111111 111111111111111111111
8111111. - 8111111 11111111, 126. 1111111. (11111.) 11111111111111.

111111. ’18422 11111 11. 8111111111 11111111111 11111. 11111111 Wilhelm 111111111-
burg 111 11 1 811111 11111111111 Rustningor3 11111111, om 11 11111111 Polou 11111111-
mark, mod 1111111 1111118111 1111111111 111111111111111111 1111111113 11111111111111

118111111111, og sordi Doumarlr 1111111 sig 111 11111111. - 8111111111, 8. 11111. 1111111
1111. 111111111111111. 1. 111111111111111111111111111 11111111111 Vl. 661-53,

111111. ’18428 1111111131 11111 1111 111 11111111111111 1 111111, 11 111 11111111

11111 11111111111111 11111 111111111111 11 og ander ongaaondo Rigots 11111111 og 11111
egen 11111111. - 28. Febr. 111 og 1111111. r 1111 1111111. 6. n. 1. 612, 1111. 2.

1. 111111. ’18424 11. 111. 111. 111111111111111 1111111111 1111111111111 11 1111101111 med
Kjobstaederne poa bolland og Falster. - D.1.Morts. 1111. l 11111 1111111111, 111111 1111118111.

1. 111 11. 111111. . ’18421 11111111111111111111111111111111111111111,111111111111,111111111
8111111111111811111111111 acturum 1111, 11 11111111 1111 1111111131 11 [1111111111
commemorat. - XV. Martii. 1111111111,1111111111111111111111.111-91,

¹ 11111111 *18426. 1111111131 11111 1111, 11 han skyldor 111 111111 1111111· 111111111 1
1111111111111 (11111111111111111111 118111 11 1122011111. 111 1111111311 111 11111111
11111. - 11111111, 10. Marto. 1111111. 111111111111111111111-11.

13. 1111111. ’18421 11. 111. 111111111111111111, 111111111111118111 11111111, 1111111111 ,

Μ. 11111 111111 111 Professor i 111111111 1 8111. - 18111111. 11111.1111111.11,1.11·1

11111111· ’18428 811111111 111 111 1111111 11111111 1 1111111111 (1111 1111111111ῑί1
8111111111111111 11 11111 orn 11. Chr. lV.'s roregivne 811 1111 111111 111111, 111 111

111111111111111113111118111111 sammon 1111 1111111111111. - 25, Mans, (5111111
1111 Gigas, 1111 1111111111 11 1111111111 8. 18.

 

