10110 0110101111 1011 111000.

n—-—„.. -ῌ-,

. Ρ1010101 01011011000110301110101011001 001011011130 0311100110 1101000101 01011-
1010001 00 110110 1101131011 1011103 001 1101111000 000 0111010100 101111-
110οι1 811001 0000111001, 1110111110 110100 3011111101 001, 0311101 han i 010

0101 4000 00101110001001111101101110. -011111110011, 0. 1011111. 1110111
110110 11100001-111011101 11. 113-111

1013011 0111110 11301 1 110 0031103, 01 00011000 01113011 0. 16. 1101. 10001 8101011100, 111101·
0010000101. S. 83.

. Hert. 01 0011011010111111011000, 110000 1110001, 1011001001. - limum, 011111-
10011.) 1011, 80011111. 1101001011. 1110111. 11. 181-81.

. 8111110100 110 Hert. 10001111001011 0181111113 03 0010100113001100001 0101 111. 11111
0011011100 vor« 0000110000 111 00110300, 1110111110 0031101010110000 111, 01

1101 11001101 0010110 1103011 den 110001013110 803; 00 0101011100 dog, 01

1101110101. -·- Wiem 16. Mai. (Tydsk.) 111001111101111001, 010 0100010130 u.

0101010010 1111 8011101013σο01110111 S. 80.

810111. 11 1010100. 011011.

. 11. Can. 1130001101010100100111103001111000010110101111100011101 011111.
101 1101103 100001011010100, 0011111394,3190011., 0111111110 1100 dog vil

ned 50,000 0011, 001 0101 11010100 010011 100111001100, 00 0010110 8101001

- 10018101 Kiobenllavn, 0. 8. Maj. 8011111100. 1100011111 8011111100 11. 11-13.

1. 11. 11110. 1130 8111110110 111 000010110011110101011 1 00130 111011 Lange 011111.

01 001 Hannibal 80100100 [1110000000 1101011. - mmmm, 311111,
ιΙ 8011011011 11, 10-11.

’. 11. 61111. 11. 0111101 111 1001111011οθ11 Arndt v. 0111110, 01 01001 ej 110-. 1011111.
01 00300 1101101100 1110 1100011101013 8101, skal 0011111000,001113110000 1011

130 0000111001 hen, 03 haus 1011 103301 111 8030011011011.-10.Μο1“.
112 8. 116-17. 1110011. 1 1111011101. 801111.3.11,11,319..1111,

1, 11. 11110. 1130· 811000 1110110310100100110011 1101101 110110 1100 en 11001 11, 11311,
1011 1 111011000ον0. - 11.Μο1’. 11111011. 1 11111,8111111,111011111 1113110311111 8111.

1, ¹ 811110100 110 00 10111100 0101110111 1 0111101011 111 0101011 010110000, 11. 11111·
01 de 81011010 31010101011113 1100 0110000000100 1101110111οᾱ1, Mindon,
Puderborn som 8101010113 111 11011100110110 Son 0311111101010110011-

m, du 21, Mai. (Fransk.) 0111011,11011111111110110 11100001-1101111101111.851-68.

1. 1113110. 1131 11101 111 1111110 0110101, 01 han 11100 111010, 010001010οἰ 1111111.
030 113 0101113 1111010.- 11010, 14. Maj. 0111001011,1111111111011111111.

80111. 01 10101011. 13, ⁸³1¹-
. 11. Gna. 1V.·s 00101103 001 0110101000 00310 1 111011 8030 111 01300 11, 11111,
00 11100 lange 111011ρο 03 1101 dem 1100 11010001, som 1010 under 110-

Mai. Udt. 1 00110111,11111. 1001111110111. 111-15,

810111. 01 10101011. 1113111Ι

1, 11. 000. 1130 0101 111 11111011 00001 1111111011, 111011 han bernier, 01 001 131131,
1110 skal 300 110310Μο00 0111111113 1100 0131111110 03 1101 demi 00-
111 1 sovn 111011 1111111111. - 111111. 1111010101111,11111011101011-

 

