16511.
9. Octobr.

11. 001001.

12. Octobr.

13 Octobr.

15. Octobr.

lo. Octobr.

15. Octobr.

1704 10110 roncum 0011 11111010.

’20031 8111110100 110 Hert. 1110001, 0001011111 0001110 03 000110 1111011111 ci
Brounscbwcig-bttncburg 1111110111, 01011 00 00101000 at, at 00001011100001101-
0000011 1100110001εο 11001113 03 810113, 01111010 ikke 01 10000 ydc 000 01001101
000 00001000001010 11000 10100310 111010. - 9. 00100. 1130011 bot. 1 01011011100001
d. 00010011.·00101.-110000. 00001000. 1. 1010111110. 0010010010 11, 2. 137.

20038. 00110111111111111010000101 ituri. 01 01000000013, 01000 0011000010110100
00001 101011οΙ 000010 0. 11. Octobr. 0. 81. 01 01111100 18000 03 00101010 11101101100
013 0100 00 0110010 81100 03 00000110 1000001110, 00101 111 01 00100 00 010013101010-
00100 1001130 0100 1011010100 03 101010010, 0181000101ηο 00110 1100001 0101 1111100110.
- 11000, 21. Octobr. (Tydsk.) 011.000100110000000.10111110011011111100101100 0100000-

m vn· ’13800339 811110100 ira 000 000010 0000001 01011001. 111 10101001 Macaria, 11100

bl. 0. siges, 011011. 0101000000013 011 1100100.- Berlin, 22. 001. (Franci.) 0111
Uri. 0. 0010011. 1. 00100. 0. 1011. 11100110010100101100 111100011ου13 11180. ⁴

20040. 1001101 ira 0011 0010001100 1100011100 111 000000101ηο 1010111010 03 010010
om 01 0100100 101, 01 00001011 1001 103003 111 1003100000. — 23. October. 11011011
001. 11100. 1. 0001011. 00000. 111. 45010101.

*20041 1. 111111. 01101110 31100100 111 0000100001, 01011 000 01 111113 11111
11101110 00001Ιο0οε00 010101100001000300011301001, noar 001 cj condes fljaetp tit 00001011.
- 15. 011. 1810001.) 001.111101,11101.1.1101100.0108101130100010001100001000 0101101000011

11111. 01ιέιῶἒὲΙῆοω mm wives tii 01010001, 01 100300 10001 1001 010 irc

Lchcn, 000 10110001 0001 010 11001000 0001010301 mollem 00 10 1100301 0001101001
00003, 0100010300 001 00031 000 1100011100013. - 1101110001, 0. 15. 001. (Sicori.)
010001. 1 1110001310οῃ, 0010 00101100. 1111. 225.

’20040 10111. 110111011001101011011. 11. 111. 10100 100010300 811110100103
000011011010010 001 110011130101003 000 01 100 0101101 cn Scparatfrcd 10011001 10100 03
510113.- 1111111111, 15. Oct. (Tydsk.i 001. 03 010001. 1 011. 01010011. r. 001011. d. ituri. 11110110
Wilhcim roo 011000000131ΙΙΙ.092-93.

’20044 1. 111. 111. 1110000101 1011. 111 Brondcnburg, 01 000 000 011100 0111011101·
00000 0010100001010 000, 001 1110001113 010110 0000110110 0001 om 80301000 stillio&
000101011101, at 000 1110 100101 000 01010110 00 80001011100, 03 1111110001 01 10310

’ 000 0100100 03101000. --11000010000 10001. 1130011 00103 010001. 1 0110101111

16. Octobr.

17. 001001.

19. 001001.

19. Octobr.

1. 00100. d. ituri. Friedrich Wiibclm roo Brandcoborg 1111. 093.

20045. 8111110100 110 00010110001001000 1 0110110100 111 ituri. 01· Brandcnbcrg¹
010110011010000110000011101000005000011181011000.-011101111001, 16, 001, 001011
001. 1 Uri. o. 00101111. 1. 00000. 0. 1011. 1110011011 10100101 1011 01000000013 viil. 591, 011111.

’20040 0110101111 0100110000 01000010111011.11000111111. at 0011010, 01011
111 00000 010 800 111 ham. — 0111000010, 11. Octobr. (Tydsk.) 010000. 1 1101101,1001
1000000110. 0. 1101010011011110100101. Ι. 191.

20047. tocco 1111011100 0111101111 010 10001, at 100300, 001 d. 15, vm· ,30111
001100, 100010 1110030 d. 1110000011010103000011101100001000 iiomme, .. ι), 09,οι
18100011 001. 1 10010131000, 00 10 0110. Arcti. 11111. 225.

120048. 01110111110101111 000001011011.01111000000013 cine negtffibelffl 0,,
0000101010101110 101 ot 100 1001101100 101 Admitti 000001 11011001 111 01 gjoeme 030 m

 

