1643.
23. 1636111.

24. 1636111.
61. 1636111.

26. Augusti.

26. 11116111.

28 Augusti.

30. 1636111.

30. 1636111.

36. Augusti.

1. septbr.

4. 6611161.

1. 6611161.

1402 116116 6661611111 6611 11166611.

’16666 1166 1616611136 6666661 1 0666616611 6161 1661166666 1661166161 116
11611636 1 61666161 Krane, 61 666 666616 6666661 661 16661 666611616163 661, 61 11661
116116361 116661 6616 66661 116166 1116166 111 666 28.; 61666 6666116661 6616116, 61 116

111136161611166116161661161111166111666613-0611166111611,11666111. (616611.) 61111111,
66111611116116 1111611661-66611161 1. 652-113.
8886. 6611611116161116.

’16666 116 6616661166 6661116166 1 Μ6116166 6666116116116166166 661, 61611 1166
1166616 66666111 166 661 Lippa 661 61666611 6161 1166166613 6636666116 6166 1161163616
[1666116166 af 66166 116166 111 0666611161. - 1111161161, d. 3. Sept. (Tydsk.) 11111661, 11111-
11611111666 1111611661-66611161 1. 654-116.

*16667 116366 6116166 61111161 111 worm, 6111166666 0666 661 1616111661 sig
616361, og 1611611161 661 66 1161361, 616116166616666611, 66111166 ham. - 11261113.
11161161. 11. 11116111 1 1116111, Journal 161 16111111 1825 111. 603-61.

’16668 11161 116 1161661111 66661116 111 Dr. Joachimus langius, 11611161 ved
6166661611 66616613, 66161611611136111161616 66361; 6666161661, 111 61616 666 6611111-
661161661161616161611111161111. 16116666 16166116661166166, som 666 1111 1629, 1161-
1616661 11611. 1161161111 61 6166113 63 11616166, 01136166 116666616611166 63 Hem-icus 1
Qualen. -6111111161, xxvl Augusti. ffydsk.) 11616116611161, 1161111.16166.1663166611616666111
6. 616-47.

’16666 116 6616661166 6661661116 1 0661661166 16666616 1161661116, 6166 1166616
6666611161 616 161666 661111 1161361116, 63 61 116 1663 11116 61161336 6616 61 116663. -
06111αὸ1661, d. 7. September. 17111611 61111161,11611161166661111611661-616111611. 660-61.

*16676 11. 666. w. 6616161 Η61611611166666 1166 6613661166, 11661111 Thou, 63
6611666166666166 166113 666166 61 1666 1161366 611116 1 3 lige 66366. - 6111111611,
d. 30. August. 11611116 1113. 11313-44.

*16671. 1161161116 666111 ad 1116166616 epistola, in 1166 optat, ut Deus bellum
61116 666166616616 6161161, 661 66116, priusquam id erumpat, iis 1166616 6661 6611611616
det. - 66161116, 9. Sept. 11636611 616111 1111111616 Χ16117 S. 716.

’16676 11666166611666661116111610661661166 61666616 116166166, 6111616116
[1636 siden 66166663161116663 666 66 616 666616 6661166161 Just 1163, 6616616 16163616)
1116666, 6611616116 166 661 11111116 og 111.116636161666; 116 616 61631166 61 66 1611116113
116161616361111166616611 6636611631, men have ikke 111161 1661666 sig 1166 6616666663
661 116666611636166166 63 1116 1611 616 611161666161111161616166 63 om de 661116 11631616
6666661616 1161166161. -061661116611,11.9. 6611161661. 1716611.) 61111161,1116111611116661111111111-
66611161 1. 663-66.

’16676 116 6616661166 6661116166 1 1111116166 1611666166 116116361 1 0666611161
161 616666161666 1163666666 661666611636166 med 66 666616 6666611161. - 1111111111, 6.
11. septembr. (Tydsk.) 61111161, 66111661116116 1111661166-611611161 l. 669-71.

’16676 1111111116 116666 6616161 616161636666 1166 111666666166 6161 61 61666661

1111366116, 6166 1161616 1666661661. -611161611611, 6.4.661116166116. 111111, sam, tu ,11111
613616316161. S. 66.

*16676 116 6616661166 6661116166 1 0661666611 61666616 1111166166, at 66 1166616

666666161 166 6166663 6616 1616616131, 616 661 111316 16116 6666666, 1161 16116116, 11
1111166166 61611 1 6666161136 666616666116361 med 66 6166616, 1166111116 1166 11666116 116636

 

