11666 0116161111 661 116666. 1225

——..

1611111 1 61616 066606 og 0606611116116611616, 6661 1666116 06066666 116106 1632

1111166 11666161 11066666 166 2200 011. 06666661. 1161666, nen 661616 66661616
6106. 16666661 1116116616 1163116666 61 1166666, 61 061 1 1116618666 pan 0661
166 66 06110 111 66 11611661Ρ66666, 061 166 1066166 06166166 1660 116066616-

10616161861116616636161 6166 111116 66116161. [166616 61661. 11. 11. 118-19.

6. 1632.

11. 01611116 0666611Τ16616611 111 161166 nergel, Forstander 166 06 661616
11611 11161616166666 116061 1166661 661 61 66606 6616066161 666 06 6666116

stam-9, [Tydsk. 16011611616661, 066 06. 166611. lungun 006166611661 S. 301-02.

06616161 1666 166 1611, 6166 116166 0111661611, 1166661666 8061616661 S. 12, 80 0606
11.· 1602 61161 1 to 161 6111666 1616106161666161660. 81661 666666 660 1632 61 1166161161

1660611116 6601 16116.

1632-33. 1661-66.

1. 1101111. lV.'s Optegnelse 661 11660666 0616660166. 66666,66611061661

1633“ 1633.

. 11. Can. 111.’68160161616166 paa 0618111106, 11166160 [16160616 1111161. 3. samm,
lrager 116666 Η660616116061166 og 6660660616 66116610 1 116161661616. --

161. 11610611, 01116-101166611161 11. 217 -411
066 61666116 1166106611 0666066 1101116611 6161166111116101666116666, 616115. 166661.

1616616 066616 1166660166, 1161661166 og 11661666161166, som, 61166 11160
16 110666 sor 61 1611166016 166011661. 6116160166063116]66666; 06166 Pro-
166166 siges at 1666 6666160 pau 61 1116066 116161616666 6166 8661661161
66166066 11661 111 61 116106 166116016611660611660 sverig og tilbyde Dan·
- Drasdea, d. 15. januarii. 18166611.) 116166, 016 1611166οΙ. 8611660666 1611

616611681-34. 11. 10-19.
Memoria} 160161666161066 066616 06666011116661 1161616666) 111 11661. 6166661.

36611666, 111661 6016166 11. Chr. 111.’6 1166166616661616601110611660,
ng om, 61 116606 0611611666166606116161616666166116611111666. Ge-

Kurfyrsten om 6616016616. - Drasdea, 06166. (Tydsk.) udt. 16661661,
v. 56611666 6. 0166066116. 66611 0. 1606 (166161106116 1. 62.

Κ, cna. 1V.'s Frihedsbrev 166 061 6611111366606 1116116636161666661 1 1166661.
'. 166.) 611. ι 116611. sor 6616161611.
Κ, cflfl, lv. 6611616166 11160666ῑοί6 0116661 Heinrich Holck t. 1161611611, 14, sanun.

1111 skal rorehringe 11616 66616 6611131166 sager. - 86111616 11106666-
11611. (Tydsk.) 6. 61116166,6611666616161661 11-16,

)en svensko 1166106111 i 0168016 L. 01666116 11661111 1161 0166606666,15,66165,1,,,,,,,,Ι
malet, at 1166 1166 1166631066 066616 0666601, som 1660 Ed har be.

m om 0611616 1116606661 1666 66161136 og 166 1666616016606 160 066

 

