110110 (1110101110 nnn 1100110. 1501

1. Κ. (11111. 1130 1101011113 1111103010111110 111110101001, Βο10110301110.000 001101·
3 Ρο1101 1100010 1113000100,1131801101011, om 01 1103110 013111 11011100
Syn over Κ1000001100011011100100010, (101100, 1110010310113,81110110113, ·
og 811010110110110 Len 03 1131110000 0000100ςο 11100010001000 11101000,

1131100 03 1100131010οη as 81010110. - 1000001001 stou, 0. 8. 0010101.
ηέ100001001,1100’0011101 8011001οο 11. 119, ’ 10. 001011.

1. Τ1110011111110 0111, 1110110000 8101001 (1101001011, 11101011 80311, 01110100 11. 01011
figens Tid. - ll. 011. 811001.10101000,11101.Ε11011.0101101111011008. 135 10000

1 1100010 801111. 11190.
1. 5111110100 110 000 000011000010 113001 1 11111, 1111 0001111000, 11111102100111-

1, 111011 han 00110101 000 0100010 11010 110011110103 110 11010100 0311011-

10110. - 01111011, 0. 21001011. (Bollandsk.) 1100111100 1101110101. (1000010011ορ

e 25. Jnnrg. S. 104-05.

,. Κ. 111 0011110100 11101101 101 0100 0011000101 1 minster, 111011 han 010- 11· Octobr.
10101000000 0010101101113 med 000 11101, 0011111010110100011 00010011.

111, le 21. 00101110. 1010110111 0111001,11’10101111100110111000000001010311511-19.

1. 8111110100 110 nn 1011101111 (1001110100 1 1111100100 1110101011 0111110000, 11. 001011.
:e den 0001100110101010100 01 1011100001 med Κ. 01 1101110011. - 1111111101,

. (Fransk.) 1101111001100111111111110 01100000-0001110111.510-118.

1. Κ. (1110. 1130 8010110301111 100001000οη pan 1110011013 Arndt 1. 0. 0010 111. (101011.
ningen 01 1100111 100 Α111010101οΚ001110301, 0010 om 01 111110100 11301. 03

101 01 10101000011111011 10101010100101000200011011.1111111101011030001
13. 00101101. 1111101011.11000110100001. 1111111. 0. 101.

1. 1100 0100010 111301οη001 11101. 011001100010 811110100 111 010 8011101110 1110011111.
11011 11011 00111101110111110110000 01000 000010 010001101101001111 001010110300
0 Ρ1011110001. - 8100111001, 0. 13. 001011. 18100011 01010011111011111011101

011011 000001101001, 0107-(11.

5. Κ. Cnn. 111. 11010101 1101001010100 111. 110010 03 01110101 01 1011100010 1000101-
10010011010 1 Κ10110011010 03 01. Paulli om donnes 0011130 110001001030010

g traeffo 80010010101110 00111111. - 1). 14. October. 1101111011101101100130010010000

110 11101. 1 1100010111 S. 339.

3, Dp: 0010001100 111011οτ0110 11010101 0101 00 010010 11100 00 01011010 11. 0010111.
1101 11011101θῦὓο 11000 0110611 de 00111 110110 pan, 01 000 1010011130 11]οΙ00-

100 11110 110100 Κ113 imon 810113, 1101001100010010000010101010001110100-

ig i 0011 010010 11113 med 0111111101 001 003 1110 1110010οο 0001101 1010

1 Fredssorhandnnnen· ·· 0101000111, 0. 21. 11010111. 111001.) 01111101,11011-
10800, 11. 100-11.

z. (11101011 1111011111081111010011100110001100000001011111100101,111011 10. 010111.
0 la Τ111111101100110000101001 011 000 01000100110101101101000110101100 03

og 01 han 1001111101 01 1030 Fon 1 110001Τ10110010. - Paris, 10 28. 00·

3,) nannet, 00010001100110 Prieneus-Canum 11000-31,

801111. 11100000· 20. 0010111.
ι 311011. 1111311110, 1110101101 0111111. 01 10000011 1101010100. 110 0000101001οὴ. 111. ’1111Ι 10011001.

11101 001010111. 00101101.
189

Ser. 11.

 

