1647.
90. 1111111

90. 1111111.
11114. 11111.

18. 11111.

1524 110111 0111111111 1111 111111.

’17991 11. 0111. lv. 11111011 christian 1111111113 11 01111131 101111 1111111111
1111111101 03 0011111111 11 0011110111Η111111111111111111191011111011. - Ham». 0.
28. Aprilis. 11111.1111111111111 1. 11-11,

9999. 1110111, 111111101111 1111111111118.98-105.

’17991 11011111. 110111111110111111101311 1111131111 11111 001311 1111111110
1. 1101111013, 81111 Μ11111111. 1101111311101. Τ1331 1111111111. 1010111311 03 01111111111111-
1110111.Βί11111011111 1111191111 1110110111. 113111110, 1111111 111 311101 1 1101311 101
1011111 1111111011101450011011., 1011 hun 1605111111 11010111111111 811011, 1111111011
0111111111011111, 11011101111111 bor vaere 01010311131111111. - 0011 Datum. 111131,
1110113 1. 1110111111 111101 Skolos 11011 11111. 8. 17-18.

*17991 11011111 111111111111 nom, 110111001111111111111 1. 8111000101 1111011
11111111110113113111111111 01 4500 11011. 111 1110111116 81011, 1011101011 810111 ’1011

111111 11 011 1605, 03 11101101 1111111011 m. 0. 3111 1 1101311. - [(110111111113181111,
(1. 4. May. 11113111101131. 1110111111 11101 810111 11111. S. 18-28.

10002. 811111. 11 1010100.

*17990 11. 011. 111. 11111111 1111 1111111υο 03 1031011 11 11111101 111111111111
111111 0111111 111 11131111 03 1111111 11111111. - 16. 11111.) 1111111. 1011111111 111. 222.

*17995. 011111111111111111 11110111011111111113111, 11 11111 1103 1110010130·
montanus 11111101 11 11111 03 111 81131 1 0031101111- murciam, am 17. Μ1111111.
11011). (Tydsk.) 101-1111111111, 011 1111011111. 1113111 0011111110 8. ale-23.

’17906 811111111 111011 11011111011111111011111111111113 Η11111111111 8111111111
111 011111111111111, 111011 han 01111111, 11 011 111 011 11 11011 11131013 11111101 11 1111111
1010110111 0111111111113 11011 11011 011 110111 11113 011011311011110; 11013111 0311111-
hiskoppen 111 0111111) ventes 11011 1411131111 011111110; Ρ1. 1101111111 er rejst 0111
71011011010311. - 1111111110221111. (Bollandsk.) 1110111111111111111101.11110011111011
0111111111. 8111117. 11113. S. 361-63. ·

*17997. 11. 01111. Ι1Ι.’1110111111111 101 80111 00111111101111111 [111 11013111 03

11101111 1111111 1 1111011 11 11111101 8031 101 hans 13 hans 11111111 11111110. -
D. 13. Maj. 1111. 1111111111. 11111. 1. 1. 111. 11.

’17998 11. 0111. 1111111110111, 11 han 1111 10111111 111811 Hert. 81101111 ’
1101113101111111101 1111111111 111 8111001011 0111 11111110011110111. ’- 01111111 8111111111
0011101911, d. 15. Μ11]’1.Ι (730811.) 811111. 1111010101.

’17999 11. 0111. lv. 11111111 9311. 03 11110 1 11]·0111111111 11 111110101 1101311110
1101111111 01111 01111111131 110111111111100110111.1110110111101010 03 Ejendom
11111 011 1645111111111, 1111 11111111, 11 0131111011 1111 1111111311 011 summe af sine
011101, 03 11 1111111111, 111011110301111113111011 1111111 ikke ville 1101111 sig, sam 21
1111 har 11111111 1111 11111111, 11 01111 011101 11 1111111 0111111111 1111011. - Kiobemm,
0. 16. Mai. 111111, [1111111111111111111113111111.8.149-110.

*18000 1111111. 03111111111111111 1100110131 1111111 101111 Friedrich 11111-
111111111011011100111101111 01110 1 1111111113111111101 111110 11101 Μ111111 11 00111331
110111 01101111001110111133110101101.-1111111111, 181111. 171011.) 1111111011.
0111111011, 9111. 8. 144-45.

*18001 K. 01111. lV.'s 8111111111 111 11111111οο1 03 0110111, 11111. 111101) 11331333,
8031101111 1. 011111 101 111 111101 1111311101 81110111113111111130110 Byg 31333313,

 

