00110 01101111 0111 ’111011 1593

70. 110110118111101001 011100101001 1 0110100000110100 8100111 01 0οΙ- 0111οΪ

1111011100ου0 111 8101111011, 1 810-011101111011, 1 010011110100, 80101011,

01 manburg, 11001111 0111111111 01010 1110111110, 01. 1111 1011 1111111,

1011 0001111111, 01. 0111101 0101111 01 01111111011111111 1011000 01-

11 00 11 001 1111110111101100 80111111· 101110 1111110111011001110183333111 0011.

11110111 11000110, 111111101 Sum 00 1011111110 111 1011101110 5000 8100011. 1
1001111110 001011 11111010110110110 1801111011 101110 1111110 0111110. --
(Tydsk.) 811111. 1110010100. 011. 1116 01 111. 11041 Wolff, 1100001100 10101 {tanta

71. 0110010111010100 101111 01 10111 10010001 cometis 00 Witt, 0110 1 Ad· 011οΙ-
01101 1 0011010110, 011 11 00110 101, 111101101101 11001 suntor 01110 00100-
11 0011 001110 1001101100 0οΙΙο 001001111οε, 111 11. 11 0111111111 01110

01 10101111 Tromp ombord 111 0010018111- 00010, 1121111. 1001110011.)
11111101. 0000011001010 01100116. 8011019. 11111, 8.(105-06,

13. 810111. 1100101011. 5. Μ.
72. J. H. 0010111110 christophorum Forstnerum epistola, 10 1110001111. mmmm·
ι vehementia se apud 001101 salutatores, praesertim Svecos 01 01001, 001

nturi Lansius. - Atym, 22. Maii. 011111010110110001011111108.147-49,

73. Τ1110111011101, 11 Ν1010 111110101, 0010100101 101 1101001 80101100 t. 1111111
0011110111110. 111 0111011111, 11100110110100 1101101111οτηο 1 811011101100

111 11 1100 11110 Nat 010111000001101010011011.- 17. Maj. 1111111
111011. 0111 511011 001100 s. 9—10.

74. 11. 01. mss Kvittering til 01110100010011 10110111001110111 101011- 2111111
·1 Philippi Jac⁰bi ⁰³8 1650, da han 11100108 den 01101 000111 00101, 111

tbi 011 1652, 01 111. Samuel 1. 80101 11 00100 101001 den. — Hasm'oe,
dt. 1 01111, 00110001 01 0110111101 1111111001 0101 11. 105,

75. 8111101εο 111 000 1110110 00011101 1 0101001111 0101 0111011100 111 11. 11111.
een La Turre, at der 11101 010, 11 001011110 00110011111101101111001110

111 1110 110100 1001101101 ham 10110 01110001, 1011 110 1011111110. - 31. Maj.
mm p. 01011 1 0111111101 0010110100 00 0010110008. 184,

016. 1, Fa. 111. 1110100101 01 Vide 0111001011 111001010100 1 5110100001 11, 11111.
1637. -- 1101111, 22. Maj. 81011110110111.01Το1011.11.·253-55,

’71 1111111111 010101111111,01181 i 111010, 1010101 pta Professor 1111111 1111111.
1011011101 111 11 10110 011101 ἱ Sjffillassd· - 1100001110, 0. 21. 111111. Ny 1111011111.

Sammo 8100 01 011 1111100001111011011100111111011 8101101000100 Vota.
171, ,1011111 00111111 1111101 111 0011. 0110101010, 11 00 010 110100 statio· 2111111.
11 1011111010 10111111 1101111 0011110010 med 20 0111110 01110 1 Suadet. -
m„ 25, May. 1011101111.) 8010011011. 0010. 801. 1052-008.200-04.

tw, 11101. 0110111111, 0011001111 01011011, 0111101 111 001. 0110110010, 11 31. 1111.
111 0011111101 111 forat 11110 penge, 1100 00100 00110 01101010110110100
floltaenderne 01101 101 11 1101111 101 00 1111110101010 Skibe 01 audet. -

1. May, 1011101111.) State 011011. 0001. ser. 1612-531, 315-61,

110, 01110111011111101111118111101101111111010101 101110000 001 110110 1-1110.
lvfflffln Latinskolen 1 1111011 111 (11010 01 0011010111 0010111100 0110011001,

 

 

 

 

 

 

