1111 1111111111 111Τ11111. 1777

1660.

)836. 111 1 1111111111 111111111111111 111111111111111111111111111111111, 11111111

og 011 1111 111 111. 1111111111111111111 1111111. - 1111. 1111. 1 11111111,
1111111111111 1111111111 8. 8.

)837. Μ1111111111 1 111111 11111 1111111 111, 11111311111111111111111111 11111111
111 laegges 111 111111 111111, 11111111111111111111111 111111111111131 111 11111

111111. l. 1111311111. 111111111111.81111.11.311-14. 1111111111111111.1111111111-
11113, 111. 1111.1. 12. 8111.
1838. 11. 11. 111. 1111111111 1111111 1111111, 11 11111111 1 11111111 Μ111111 3- Augusti.

saerlig 11 111 11111111111111111 maa 1111 111 1111111111111111.-11111111,
1111Μ113171 1111111 (111111111111111 811111111 111 Hannibal 8111111111111111 31111111-

ham 111 11 1111 111 1111111811 11111 11111111111111111111111111111111
111, 1113111111 11111111111111 1111, 1111111111 1111111 11111 111111111111

1 gan om 1111 (1111111 1111111111), 111 11111. - (1111111119), 11111111. (Fransk.)
111 811111. 1111111 (111111111111 1111111111111118111. 1111. og 1111111 1111111111 81111111,

1111111234.
173. 11111111,1111111111811111111111111111111111810. 8111111810-111111.1111111111 5, 1181111,

1111, 111 111111111111111111111 dem og 11111111 11111111111111 11111 1111111111.
174, 1111. 1 11111111,1111111111 81111111111111 1111111111 S. 11. 1. Augusti.

1840. 11. Fn. HL's 11111 11111 11111111111111111, 1111 111111 1111111 11111 111· 111111111-
1, 1111111111111111111, 11 11 111111 hesuldmaegtige 1111 1181111111111111111

¹e 111381113- -- 15. Aug.) 1111.111111111,111111111181111111111111111111111811.

1841. 11. 1111. 11131 111111111111 11311. 11111111 1111111111] og (1111111111- 1- 1111111-

111111 11111111111111 11111111111111111111 111 111111111111 11131111-151111
111, 1111111111 811111111111111111111111 S. 11.

1842. 111111 01111111 1111111111 111 1111111 111 111111111 1111111 811111111 11111111·
1111, som 111 1111111111,1111111111111311111 om 1111 8111111111 1111111111
om 1111 111111111111 1111 81111111 11 11 111111 111 8111111111 1111111111

-Sejrslev Ρ11111111111,1.6.111111. 1111111111.1111111111, led „namet
1 1111111 111111 11111111, 111. 1111111 27. Augusti.

1843. 1111181111111111,Ρ11111. 11111111, 11111111 11. Fr. 111. 111 1111111111- 6. Augusti.
1111111 1111 1111131 1111 1111111111, 11111 og 811. - 111111111111111111.

1118444111ιῖ3ζῖ 1141331 81111113 111 1111111 111. 111111111111111, 11111 1111118111, 8. mum,

j Lykke 11111111 11111 111 111111111111 sig 1111 111 8111111111 og Hundstrup

‚ ikke 111111111111111111 11611311, 1111 111111111,111111 11111111- 111111118111.

81111. V. 688-

1845. 11111111 11111111, 1111111111 1111111, 1111311 111111 111 11111111111111111 11. Augusn.
Krigen odelagte 11111111 11111111111111 11111111 8111111111, 111111111111111

,, med 1111111 111111111111111 1111 11111111111111 111111- 11111111111. 11. Aug.
saml. V. 315-16. 1111 1111111111 Ρ. 11111111111111111111111111111. 1. 11113,

1846. 1111111111 111 8111111 1111111111, 11111111 11111 1. 11111 og 11111111 11113111,
11111, 111 1111111 111, 11 111, 1111 111111 11111111 1111111111111111111

111 111 111111 111131, men 11111111111111, 1111111111111118111111111111

111111 1111 111111 111 8111111111 111 11111111 1111111111, 11 111 1111111111111

Ι. i den 1111111 1111. - 1111111, 13. Augusti. 111111111181111.1.311-111

 

