1621.
30. 1111111.

30. 1111111,

968 10110 (1110111111 0111 61111011.

Ι

’11660 11111.6111101111111111011110 1111111 11. 601111 11. 111011, 10111 han, 11001 110
1111101111113, 103 1001113111 at hjreipe i'ydsiriand. - 6011013, 1301111111. (Larini
Brudsipirk. p. 81101111 6111101113, 601111 11. 1101111111. V. 80.

’11661 811111110 111 6111311110111111111, 1111113111 10110111 6111111 116110110-
1013 03 11111. 10111111110111001111 11111111011113 111 11. Chr. 11. 11011 11 bede 1101 001
111110113011 sine 6111110311101111110111, 1161111 0011111311 den evangeliske 813, 03
001 01101111 11 103111, 1111110011111011 81110111 111001 1101111 1110, 101 11111111
anspore de 11 00100101 81110111, 1001 1111 113 11111011. - (30. Maris.) 113111.)
6101113111. i Opei‚ 11111010111101111.111113 Ι. 142.

’11662 811 6. 1111001011161011011 111 (1111111, 11011 110 1111111111, 1111. 61111.

11111111 60110103 0111 110111111111111111 1101111 3100011111. - 3111111. 1110311111
610111. 1 6011, 0116001101100 813111131621, S. 28.

’11668 6111. 03 6110 1111011013 111111 111610111111111100 010 03111101111110

1111111111311160111101101111106101111111101, 6011101 03 811113, 00101111 1111110101 1

0111110111. —- 1100101113, 31. 0111111. Udi. 03 610111. 1 6011, 111 Conveni 100 81311113 1621, S. 21.
’11661 1011101 03 1111111111, 01111111 111111111011101 101610100111011101180111111,

¹ 1011111101111011111, 8111011611110110103611011016111111111001101, 101 Carolus Niellius

10. Aprilis.

13. Aprilis.

13. Aprilis.

15. Aprilis.

¹ 16. Aprilis.

16. Aprilis.

18. Aprilis.

20. Aprilis.
21. Aprilis.

0311111Ιο101 Lemannus, der 310 1011 1111011031 1116111. 118111113 03 1101111010111
0011111011 11111 1010 001 61100011101110116111101111 1 1101 Laude 03 6313010310 11
10 ny 8111 111 6111110. - 1011111311, 11110 Martii. (60610111.) 0111111111 0111131311.
81011110 ran ioh. 1110103111111,1. S. 169-76. ,

’11661 11. 61111. 11.’161111103111 [ir. 6110103101 03 Dr. 0101 110101 001 1111-
3111 113 111 011011 0310111030311113113113011111111111, 111 1111110 iiejse 0011011-
01031101 1111111 3011310111 1110 11 1301111001. - 1). 10. April. 1111. 03 11101111 111110,
60111113101111111011 03 Sundhedrpieiens Hirr. i 6001011111 8. 352.

’11666 11611011. 10010111 11. 6111111 11. 11011 010 11 10131 101, 1111110111
0111011031, 1001 rejse 3100110 1110011111, 111 iorsynede 1011 0111011131 Pas, 03 3111 1111131
opmaerksom paa, 11 1110111 01103111111 11110 Lejde 111111111 113 1 1101111 61111011. -
Frederilrrborp, 1. 13. April. 011. 1 nurenberg, 1110111. 1111111111. 1. 1,

’11661 11111110.1011.1111101111, episcopi vibergensis, 11 1111011111 6111111111ῑί1

6160110111 11Ι 11. ilenrico 1111110110. - 1110130, 1111011111. 11111101,111111111.01111101..
11111. 03 Breve S. 699-700.

6001. 6101111131111011111811031, 611116111111.101018011131111. 168 03 i 81111311, ¹
811111. 101 liin. Gesch. 11, 2. S. 119-22.

’11668 11. 6011. 11.’1 6111111 Biskoppen i 6111 sirit 0311010101111 01161111-
101, 111111011101111, 11111101101111101113011161101113036110111111111, 1101111
Maris Nielsen 6111 11111111 irridet. — 16. April. 011111810111311111.119-21),

’11668 11. 61111. 1131 611111103 10111111110 de 116131 03 Peter sspepepp pp p
opreiie Papirmeiier 11011 111 1 61110. 11 10111111 11 6111111110110111 101 6111011110. -
Fredericlieborqh, d. 16. Aprilis, 1111038111010111110 S. 13-14.

*11670. 61111111011101 1110111111 111 6111111 001 11. 611. 1131110 pap 31 puppe

vinde den nedersaehsiske 111111 101 11. 61111111 11 6110110. - 1810111. (60311111
011103 610111. 1 6011, 6116001101 100 81311013 1621. S. 28.

6004. 610111. p. Tydei i 811031, 61101. Christ. 11. 10111 80111311 11. 168-69,
’11671 (= 59891. 0111010111 21.Apriiis. 1111116011,6116001101100813111131621,801

 

