1746 110110 1010111111 111 1011010.

1⁶59· gaaede 111011, og 1101101 0101, 0181001101οο 0000 00100 1011100110111010 00101 1101101

110 00001011 0101 111 10000010. - 1001111001ϋο Ρ10011 bei 8110110011, 15. 001. 11111111
1111. 011100111. (101011. 0. 1101111110110111111110101100 1000001011 111. 217-78.
19. 011111· ’ ’20490 1010301011110001011110 1100110 (101000111011110110101 8111110111 111

11. 11. 111. 010 00, 01 10001100010101 111 000 1011011110 1010, 01 1000110 111110 00101111-
10101. .. D. 19. 0110001. 1111101111. 1101. 11. 11. 111. 615-76.

20· octobr. *20491. 0111111111 8111011101 1001011 11111. 11. 111, 1001111101 10101 han erraret, 01
11001100 01101 01 have 1110111111 til Nande er 1110100 1001011010011100 ham, at 10100111
010100 hans Νο10. - Nyelciobinq‚ 20. 8111. 1011111011, 1110111111 8011011111 11. 392-100.

20· octobr. ’20492 101111 11100110 1111101111 110 10001, 01 11001100 1 1111100101 venter 111
00 3000 110110, 1100000 1101 1001111101 1 11101; 00 1011000110 1101000101 1001010 11101110,

001100110 0100101110 01011100101000. -11111011111,0.20.001. 1810011.) 1110111110-
10111100, 0010 1111111011. 1111. 241.
221 octobr. 20493. 110111. 111 0011001000οε 0010101100 111 0011100100 1 1101001110 v. 1.

Μ111111110, 01 1111 11. 0100001011 01101 100001 11001000011101101 111 11. 01810111, 1111
han protestere3 00110100 1101 han stadig 11110 101000011011111100.- 1000111101εέ0 11011,
22. opt. 11101111 1101. 1 011. u. 1010011. 1. 001011. d. 1011. Friedrich 1111110101 100 Brundenburg 1111. 011.
22· 011011· ’20491 000 010000010111110 0010001 1 1110110011ον0 v. 1). Μ11111111 1111101 111
110111111ου, 01 0110001 01 01101101 111 1101111001 100 101 10111001 810000 100 1111 med
11100110, 0111001100 11110 001001 100 10110 110018111101100; 00 1011110101101110001111

Iader sig naeppe 1111011011. - 22. Oct. 11. 11. 001. og 11100111 1111. 01010011. z. 001011. 01111.
1110011011 10111001 100 1000001011 1111. 621.

23- 011011- ’20490 11. 111. 11131 0011011101 101 11001 1101110010 1010 1111001011οτ 1 1110011011
Len. - (23. 011.) 011 11111111. 10111101 111. 010.
21011011. *20490 000 11001110 [1010001101 0101111 11111οο 101101 110111. 11011 11. 0011011

101100 11011010 mod 1101011011010. - (2101101101.) 18100111 11111 0010110111, 1111111
20001011- Chr¹⁸t¹⁰³ Ι’.20314691ῗᾶ 10111101 01101111001010111. 11. 111. 001 11 0000 ham i 11001 0111011101

1010110 001101 0001 1 1011010101 Len 1001 000111010110 101 11001 110101 1 000 110111
1100110 10100, 00 han 1110 110 egen Pung 1110110110 01 1101010101 1100 1201111110.-
Restm), d. 26. 0111. sami. 1.]101111111. 0111011011. 1111. 356.

26· octobr. ' 20498. 1001010101011110000111111. 01810010000110111110101100111, 00101111Ιο

. 111101011111011000, 10001οε0000 det 0110000, 001 101 1101101111 111 1110110011ον0, 0101. -

11011, 5. Nov. 1811011111.) 0001101111. 1 11111. 1101111. 11. 11. 111. 191-200.

28. 0010111. 13706. 1111101, Con 100101 S. 119-21 101001011010111.

28. 011011. ’20490 8111101111 110 1101101111111001010111180110101 hos 0011 1100110 11011101
ved 0000101110101001, 111011 0110111 810001 og 811 11011011 110001110οο 11101001 1001101101

11010100101111000 1 00010011-1001100, 0. ἳξὶὥῗζὲιῗ. 1001100011.) 11100111 1111101100.
0000000101 10 0110011111. 80110. 25. 110111. S. 791-92.

29. Octobr. ’20500 11010111 0111111111 1101110101 001 1000 1100001 0311101101Ιο 11011111 011011

1011000 1011011111111. - 129. 01101101.) 111111 0111111.1101111.11.51-56, 11111 Bm 31111,
1000011 0111111101 1. 306-16.

00111111. 20001. 0011101101 1011011111 0101 111 11. 11. 111.,11101111011 111. 0. 110101101010111

11011111 1000 0111111101 11111 000. -181111010100 0100101011. 11101111. 1 ww, 011 11010111
111 8. 1111110 8. M

 

