110110 1101001101 0111 71111001. 1691

19882. On 11111 00101101 ιιι 11111. 111, 0111. 01810113 0. 8. 1011 1101110311οι 10111151ῇῖ

111010 111 0100010, 11101 1100 0001101 01 corps, 01011000 1100 01300 0111110 300 111

10001 01 1110000 0111 01101 01030 0011100. 1100 011130 1101 0101 01030 11011, 0101

0 11100 00 0100110 0000001010ιο 10110 11111000; 10101101 711003οι 0111101110 01-
Ι’100011100000 01101 01ιο0011010 000 010000000130101101 01οι 1010 1010οι00 111

- 1110100010, 1110111111. 011111 sanc. 11100-00.

9883. lustrantia 0011101100 0111101010 0001001010 1000111011 9000010 0000110 1011111
cum warscuicnscm mittendis 0010, qua 111 10001101 conjunctionem 01100100]

1100101 approbandi conceditur. — 0101010111. 10131101, 001001011ιο c. 1110010101οη

,1981914111 81119110111. 000111 11010101 0101111301001011000111011 81110100 11011001 15, sum,

dkjobo 1500 701. 1101ιο 031010100001 111101. - 010011, 101111. 171001.)

1101101 110 11001010000010111101 1871 8. 199.

9880. 011010110111111001111100οω000000101001101000810011001,00001οι- 1011111,
ι 810000, 00101 0001111130 0100 1100110100 pac 110ιο1101ιο 00001030 013 ’11000010

0 013 1 81011000; 1100 0011οι01 101011011130111101001 pcc 11001010ιο1100. - 101011.

1101. 1 80101103011111 811001 1111111110 1870 8. 10, 19,

9886. K. 111001. 0110111 11010101 0101103110010110101 11011 81111000 1100001 111 sum.
, 00000 111000 11111101 00 0110110011 1101113000 100000100101111100010.

desto, 1811111. (Tydsk.) 7101110000101101111800101000010101111011871 8199.

9887. 11. 11100 X. 1100111 01810113 11010101010110301001011000111011 81111000 111. 11111.
11 110310 6 01101 11010 811110 03 0100000 0001111111οι. -0100110, 101011, 111011.)

0101001 110 110010100101010101111011871 8. 199.

9888. 7100801011,100011100001110003001,00001111101111103, 10030000101010 111. 11111.
010 01 0011110 00 131. 90101103 111 811001000000000 11103000 11003 0311101100 cm

1 11ιο1ιο01 8010111011 03 1131130 80300, 00 001 0171101 01011001 dem 0030000οο

10100 010, 11111101 8030 0010190100103001..- 1110013001, 0. 19. sully. cy kirke-

*gbggcassmlffl 1111 110111, 1101100001 00000011 1110000011013, 11101111010000- 1933093331,

,Β ,ijffien cm en 80101οι0 0100 11. 01810113, 1 11111100 00000 0011000 0101
,101000 9001100010οι 101 01 1110010 0010101000 01 Arca i 90011100110000 (om
100 01 0110 1100101000 0110300111ιο 110 0111010000) 03 11003000 10101103 pau

maris 11οι111101. - 01001100, 2111011. 11101ιο00011 011. n. 00101111. z. 001011. d.
1011 wilhelm 100 91100001013111.191-90.
9890. K. 11101 Χ. 1100111 31101 0101111301010011000111011 81110100 1 1011001 0011111.
1000000 1010110300 01 11100 03 01 0110110011 03 11011031010300 01 00310 01010
01110010, 20. 11111. (Tydflk.) 1101 ι 100001οιιο1 110 9000100010010111101 1871 8. 199.
19891. 8111110116 sta BLONDEL 111 1101011101 01010110, 111011 000 101101ιο1, 01 11011. 00. 111111.
„burg ι 0080011010 1000 ham 110100 0031, 01 810113 001111 11100 100 0000101-
3 1100100111 cil chndc; 7011000100000 111]οι10οι100. - 11011111, 301011. 1110011.)
1011. 1 1111. 0. 11010101. 001011. d. 11011. 1110011011 9111οο101100 01000001101311. 170-76.
19892. 1000130000 110 11000110 1101100110 1111100300, 11101100 1110. 10310100 00, sum.
10ιο0 01 111110010ιο 00011 1100131101εο 01 00 11οι 01 101000 101 00000000
m „gne 013 ιιι 1113111101. - 1011011011, 23. 11111. 00010111011111111103.

 

