1658.
11. Febr.

12. Febr.

12. Febr.

12. 1111.

13. Febr.

1674 1111111111111 1111 Tarum.

*19696 11. Fr. 111.’1 01111118 111 Lange 111111 og 0111 9111111 om at 1111111111

Μ1111111 sold 111 111] 11111111 1113111111. —· 11. 1111111. 1111. 1 11111, 111 11111119. 31111-
11111 8111111111111 111111110111111111111114. og 18. Febr.

12438. Betaenrnrng 111 0111111111111 111. 8110111111 11111111111111 1111111111111111
11111

’19691 11. 111111 11. 0111111 8111111111 111 0111111311111111111111 11111 81111111,
11111 111 1111111111 111111111111111 01111111 0111111 1111111111 0111 1 11111-111111,
12. Februar. (Tydsk.) 011. 11111111111111111111111111111111111111871 S. 126.

*19698. 11. 1111111. 0111111 1111111 01111111111111111111111111811111111011111
11 1111111 11111- og Provideringsmagasinerne 111 11111111 1 1111111111111 03 Sonderhorg
med 111 1111111131 111111 11 111111 1111111111111 11 111 By 111 Τ111111111111. - 1111111111-
melfia, 12. Febr. (Tydsk.) 011. 1 111111111111111 1111111111111111111111 1811 S. 126.

’19699 1111 1111111 0111111 0. v. 1111111111 1111111011· 111111. af Brandenburg
111 11111 1111111111, 111 11111111 1151111111 1111 111111111 Τ11; 11111111111111111111
1 111111311111111, og 8111111111 11 111111, 11 111 31110111111111 1111111111. — 1111111111,
13. Febr. 11. v. (Tydsk.) 1111. 11111111. 1011. 1. 1111111, 1. 01111. 1. 11111. 1111111111 11011111 111
111111111111 11111. 185-86.

’19100 11. 1111111. 01111118111111111111111111 118111111111 1111111111111111,
111111 81111111 og 0111111101111111111. — 11 umorem Hauptquartr'er 111191, 1. 1111111-
11111. 1111111.) 1111111111. 511111. 3. 11. 111, 166-66.

119701. 11. 111111 1101111111 811111111 111 overkrigskommissaer 11111 81111111 1
011111, 11111 1111 1111111 Generalmajor Kozitzky 11 1111 111111 111113101111111111.
- 111111111111111. 111111.) 1111.111111111111111111111111111111111118111116.

*19702 Den svenske overkrigskommissaer 1111111 8111111111 Bovis, 11 011111

1111111111 11111111 11 assignaret 0111 1. 0. 11 11 (111111. - 0111111, d. 16. Febr. (111111
011, 1 0111111111, 0111 0111. 1111. 1111. 159. 1111011. 1111111111111111 11111111 og 1111111

’19101 0111111 1111111111 1111111111 11111. 1111111111113, 1111111111111111111-
ringer 1111111 11111 11111 11 1111 11111111131110111111111111111 0111111111 1111111111
01111111. - 111112611111. 1111111 01111111111111111.111111.1111111111111111111
81111111111 111. 124-25.

’19701 111111111113 111 111 1111111 11111111 111 111 11111111111111 1111,
1111111111, 11111111 111 1111111111, 11111111111 011111111111111 111 1111111 Berlin 11111
1111111 111 Konga til ikke 11 1111111 11111 1111 11111 111111- Berlin, 26. Febr. 11111111

¹ Udt. 11111. 1. 1111111. 1. 011111 d. 11111. 1111111111 wilhelm 111 81111111113 11. 155.

*19708 11. 1111111. 01111111 11811111 111111101111113111111111111 11111 81111111
1 01111111111111111111111111111111111111 med 1111 og Plyndring, som 111 1111111111

Fyen. - ssordundemayle‚ 17. Febr. (Tydsk.) 011. 1 111111111111 111 1111111111111111111111
1111 s. 111. “

12458. 111111111111111111 11 1111111 11 18. Febr. 1659, 11 1111111, 0111811111111 1111111 S. 71Ι .

*19706 11. 1111111. 011111 11111110111111111111111111111 11111 811111111011111
111111111111911111111111 11 11111111 111 11111111111111111111 13111111111111111111111111

1

111 med Ardrag 11 1000011111, som 111111 111 81111111-1111111111111111911, 1811111111. .

(81111111.) 1111. 1 1111111111111111111111111111111111811 S. 126.

1

 

