1659.
10. 010.

30. 10111.

10110.

1. 1030111.

2. 1031111.

6. 1031111.

1738 0011 01111101 111 011011. ’

’20101 0110111011101101011110111 10 Μ. 0111113100 81011011, Episcopum 11-
10111111, 11111111, 11 quibus pecie negotii mentione 1101101 morte 01111011 0011111 10011,
11 00110 1010011131101 aliquot et 1111101101 studioses eeeipere posse. - 11111.,30.101.
011111111. 81111. 3. 11. V. nee-79. '

’20405Ι 81011111 111 v. n. 01111111, 1111011111311 01111101 1 0111111110, 111
0011111111, 111011 111 11131101110111011 1111 8111. -— 30. 1011. 1130111 1100111111-
11100311 111111111111101111. 111. 30.

’20400 10111111 00111101 8111 01110011111111 11101 011101, 1100111111-

11111· 01111 1110011110111311 1110 1110001. - 0011 011111. (011111.) 01111111010101
¹¹· m 1’820400 0110 00111100, 01011010111111111, 1111111 03 111010111130311 011111

1111101100111011. 811101013311 111 110 1110111111 1111101101 11 110111131111010131
01111, 1011 110010111111111111 111111111111011110010111131131 11111 1101111111 111 801-

01111,101111111111111 111 1000111111 111 1113111111. - 011113, 0. 1. 103010. orer.
anrtnlekr. 11. nen-86.
’20400 10111 01111111 1111111 111 111 01011011 01110111 1 1311110, 11110111

1111101, 0111 11011311 03111131 31111 0111 11011100 0111 10111311 11 01 1111111 1111, 01
10311111 1111110111 1111 1111 10011111 101 001311, 0111111 1101 1111331 011311, 11111111

1111111111111. - 0100111119, 02113. 1811111.) 110111101111131111, 111 1101111111.
11111. 231-38.

1

’20400 1111111 1111111111 1111111 111 0011. 11 01110111013, 11 01 100110111 ’

81111101011113 111 1111110100111111111111011110; 1111131 1111001111 1111, 11 011 11111
1010 10 0111111011 1 11131110, 1101101011111111111 101 10101 00 03 1111111 11011
Τ1011.- Haaq, 1011131111. (Tydsk.) 1101031111011.10110.1111111.1.011111001001111-
1111 wilhelm 1011 01100111013 1111. neo-61.

’20410 811111111111111 0111111 111 1011111111, 31111111 hos 011 111111101-
11101110 011111111111111), 11011 111 01111111, 11 010 10311111 01311113 11001 nosen·
110311 00111111111311 111 111011111101 1 11113 01121100 11301 0100111130, 1111 01111
1111101 8111111, 03 10111 01011111 1111 111131. - 00110111, 0. ἦ. Augusti. (0011110111
11101111 111 111111101. 0110011011011 11111111. 0. 81111. 25. 111113. S. 113-76.

20411. 1001111111 Memnonen 10 1110001111110111111, in quo 0111111011111
penes quem culpe 111, 1111 penes doctorem 1111 egrotum Tonberum, qued sanitatem

· 10111 111 11311101 recuperaverit. -Hasm'n, 0103010. 1110011101111 1110111 11011-11

6. 1030111.

10. 1130111.

’20412 Skrivelse 111 1. 1011111111, 11110111113110111101 1 0311111111, 0
0011311111, 11011111 00111111, 11011101 111101110101111111110, 10101 11101 0013111111
1111 111111 311110 31101111111111111 i 011 110110113110011111011 at 3111111131000311
10311; 10311 mene, 111111111111111 8111111111. - 6. 103111. (010111.) eruerer 111-
111003οο 1111101111110 01111. 1131.

’20413Ι 011111 0111111101 0101111011 0011. 1101110111013 011 de 101111111131
1111011111 10011110 1131110011 011011011100111311011 Norden, 10311 mene, 1111311
001311 11111 111111 11 8101110110. Hert. 1100110111 111 11011 1101111111 en 01131 111
000111111111111011101111111101. - 111003, 18. 1103111. 1010111 00103 nmen, rum
11111111. 00111. 0. 0011, 0111111111 1111111111 100 111110111013 111. 261-63.

’20414Ι 101111 01111111 1111111 111 111 01011, 11 01 1111111 (1111110111 here
1111110]11111111; 101111 1100111111 113 0100111 001111 111111 011; 001311 her 1110

1

 

