11. 110011.

14. 110011.

111. 100011.

15. 1110001.

16, 110011.

21. 110011.

22. 100011.

Kone 0001011111 000 111000.

’14008. 8111001110 11001 0101 111 11110111, 111011 1100 1111 0011101, 111010101
111101311001110 0111101 11. 1100101 11. 100110 1010110301 111 1101010100 811110 1 11011000 og.

00111113 11110 11. Chr. lv, - ,190011 1110011. 1011010111, 1011111 1011110 1110101111οο 01 8111001010
110110 001111011001111101 1629-30 8. 51.

’14000Ι 811 ’11101110 1100 01111101 111 1100000100101100101, 111110 1111 1010000101
1000111000110101, 0010 11111000001111110, 111113101ηο 001, 01 1111001οη 111100 11111001 1100,
1010 1131130, 03 01 11. Chr, lV. 111100 11111001 01 0110310, 0010000 110100 1100 100100010001
010 11111110 101, 11 11. Chr. 111, ikke skulde lade 013 1011011 111 11 301 0101 paa Kejserens

Parti 0181100130 mod Sverig. - 11101113, 24. 1011. (Engelsk.) 01101001, 101101010111101110
10101100 01 811 Thomas 1100 10 00010101 1001111101 1619-30 S. 111-67.

’14010 11. 00011111. 10011 11010101 8110110110000 01101131 00 80101101, 0010

11001010 110110010111103 11111100 013 111 11000010. - 8100110101, 0. 15. 10000111. (8100111
111111 1111 00311100. 010 81001111 11113001 11111. 1. 85.

’14011 8111110100 110 00 0110101, 111011 00101111, 010010110011000 0100011010-
30010101111 80110000, 0010 1110110 11011010 8100001011113110, 10111000 ikke 1011011301οΙ

faldo i 11. 11 0101011110 01101 00010 11000010 110100. - stettin, 15. Januar. (110011
810011. Ι 11101100, (iustas 10011 ΙΙ. 140, 11001. 2.

*14012 K. 000111 11100110 Memoria! 101 00001001001100 Hans Klerick 101
hans 80000100 111 11011000; 1110 0111 11010 0100 00 001 11101110 8111110 1 11101οῃ0 onmem

d, l, April. - 8100111000, d. 16. Ianuarii. (Svensk.) 1111111111 0001100. 010 8100111 1113000
10. 1. ’- 7-
h ῑ gb*1513013 11. 000. 11130 110010100103 010 0001030103 11 14-110130 8, 4, 2 og

181111103011111101, 4-100130 800110301 03 2-1001301111001. - 1), 21, januarii· Semnum,
Pensseneu 1101100111 1101101 S. 430.

’14011 1100 11000110 110010001 101110 11001100 010000101 11. Gustaf 11, 31111
1101111131111001030100101·“01011001110100 1 01001010110301, 810113 0101110 31010, 10111 00
111113Ιί03 01011010 00110 11130 03 110100100 0110100 110000 1010 111 00301 1101111111, - (122,
1111111111. 1811110111 1101. 1 01001101018101130111101. 00001 001111 11, 10011 V, 2, 35, mr, 38,

’140111Ι 01010111110101011010110001101’0 11101111 11100101 Fris med Taksigelse
101110030001111100 010 01110100001111111001031, 01000001011110111101 011 1111111000 0001
1110111111. -- 111000110αῇ0, d. l. Febr. 1110111101,101111100111111110 S. 260-61,

’14010Ι 0101011001οι 81011001008111110100 111 001 8101110 10011000 0001001110
1100010000, 111011 000 310110001301000100 11130001111000100111 00 1101001Ιί30, 1010011
010 00 1111113010 0001011130 10111000110301 1000 1100101111 om 00000 0 10011 omtaler sine

110111010111011 101 01 110 0011 0000110 1100001010 0101101101-11110111. 1Τ10111.) 8011011300
11 11101113, 11101001110111 0100110101οε 1111101110 Germanica} ΙΙΙ, 314-76,

’14011 1100 11001110 1110000103 1111111 1110111101 11. (101111 11. 10011 001 01 (1110010-
111ιο 1111 0010001110 1101, 1110100 001011013010 10111010 0010113 111010 00111110, 11. chr, lv,
111101 10101101 11010 1010111011130 11011011300001 [100 11000111111013 8101, 1000 11101 110 1111-
1010010100 111011 8101130 1101111000 0100 Ηο0010 111 8110101100. - Ge 4, few, (Μή,
11101111. 03 11111, 1110011101011. Ι 01001101018101130111111. under Gustas 11. 10011 v, 2, 33-34, 33,

’140111Ι 811 ’11101111 1101 01111101 11111. 11000111 01 1111111000, 01000 11000110 Ge.
011101 Μ. 0111101011 00, 0111001 1100 pan 1110101111011111101111 1100010111, 0110001 11111130

111 11. 01810113, 03 01 (1110101 11011111000000, 0001 03000 01 10001 11111030 111 810113, 11110301

Este-,neminum 001 11. 11 0100101110 1011111131 810010103. - 11101113, ἦ. 170111. (1111311111
1111101001, 1011111 11101. 101110 01110100 01 811 Thomas 110010 00111101 1001011110 1029-30 S. 72-74,

 

