1532 118118 0188811111 881 8181188.

11338 1 881181188; 111 888 8188818 88381183 8811111118 give 81181, 1888 888 88111118, 11881
881888 8181888888888 8188881888181 118 88338 81381 8881181888188. - D. 20. 118-
cembr. 1181. 1 818838, Christ. 188 8181. S. 1478. ·

’18086 8. nr 8111118118 8888888 111 0181 88888888, 11 818 81111 888818838,
818118888 8818818381 81818188 1888 8818818888, 881 8181 11818 8181181 18811818 81881111,

8811188 83 8888881888188. - 61181648. 18818811.) 881.181311,8181881111181118 88111811-

1ΜΟ81178111εο081. 8. 01111. iV.'s 811118188111 Cnrsstn Ulieid, 81888 nye 8181, 1 8111501111

81818811818131118 83 11111138811 1181818881831118 1 1118111111, 83 11181311811 118181
1818 08818 83 6 81111183 818181 81881818 1 88138, 81181 88111183 111 Lensmaendenei
81381 83 111 811188188188 188138 11181118 1118111181 bern 1818188188888 111 888 818881-

1181181188 181 8188888118. - 8188881888, 8. 29. December. 11118111111188118111118118188131

'¹¹⁸²' 8111188323 Κ, 8111119. 18118881881818 011818, 8138118 8818188181, 83 8181188 8888811

christine med 8111888181 8111,11111818833888118118. - 8888888883, d. 30. December.
(1818188188, 8818881188 1111181188. ii—iil.

’18089 8 0811. iV. 8818181 8888888888 Arndt vnn der 11811 83 88181881118188,
8188 111 OphjaeIpning 11 818188 181118188 81111118 1188118 18138888 88188811118183811 8888118
8181888 81111111 81118888 pan 118818, 11 888188 8818188 8111881113, 181838 1111111181 118818,
881 8188 1118881, 1818888, 8118 881 88888 181811881 8181818188, 111 8181888188888

818881, 08381, Papir 881. 83 81811 Fjerdinganr 88188 Examen. — 8888888883, 8.
31. Decemb. 8881, 88811818. 881 88818188818181888188811118813 1. ii. 111113 S. 111.

’18090 888. 83 8811888818 Proponition til 818888388 1 8181 8118113 1183888888
81111818811888181, 88181181888 088818818. 8181181888 0811818183,881888188811883888,1188
tjenestens 01881113, 8883888 881818811188188181188888188 83 8818818188 111111. — flens-
0819, 31. Decb. tTydsk.) 881. 11811188, 11811. 881888181111 8.81818188118181111188181.111184-88

*18091. 8118118811118,81881888188811 888811188888, 1181888881 181 (1888111-
81118188 88 1181118 Grunde 181, 1181188188 8188188 83881888 881 restitueres i 8181818
Stand som 1111· 11113118. 8888118811811838081111. 11811111. 81811-88.

’18098 Μ1111811111118118 1811111888 118188 18831181 111 888388 88 8181881111 881,
8118 818 811 111 3888 181 88 81888 1642 8818118 881111881881. -- 11888 811. (811181.)
888818 813. 4. it. V. 79-88,

, ’18098 Dr. 0881811818 8888181188 pan 888 11811818811881 pen Gotiand 188-
31188 88881111 1 1818811183 118818188. 111. 118111 1646. 8811118118888111 1 811, 8188 881
183181 88 11118113888188188181, 11 88188 813 111 888 3111118 siit 83 8183, med mindi-e

88888 81188 mod 8188811881. 18188811 81881183811111118111, 81111. 1. nouanda 8111 1818
-84 8. 10.

8. 1647.

’18094 08111118 08188818 88111188 883118888 8188 1818888888 1 8111811113 1647,
1118 0188118 813. 111. net-310.

’18096 1811111188 0888188188 8188881888, qui pnstnr 1811, 888818318 5188111181

8811811, 88 81 3111118 13818, quod 8181 8318181811118 188111 81 88 rursus 88 episeopo
1811111181 petere. 8111111. 1 1111188111. simi. 3. 11. 11811-31

 

