111111 1111111111 1111 1111111. 1503

1111111 111 11111111 11 1111111111 111 11 1111111 6111111111 1 11111111, 11331151
,1 111 er 11111 11 111111111111 2100011111. 111 11 1111111 1111111111
, 1111111111 11 Ν111111111. 11111111 1111111111111111111111 niodum-canule,

1 1 suaso. 11111111. 111 11111. 8. 1176-71. 11111111 1111110111 111111111 11111 1111111111.

1111111 111 11 1111111111 (1111111111 1 Μ1111111 111111111111111111 1111111
1111111, 11 111 1111111111 111111111111111111111111111111111111111
g begivet sig i 11111 11111111. - 1111111111, 1. 21. Νο1. 111111.)
11111111-111111111111. 161-73.
·11111Μ1111111118111111111 111 11 1111111 1111111111 1111111111, 111111 11111111.
11 1111111 111111111 1 Μ111111 1111111111 siges 11 11111111 111 11
1 1111111111 og sverig, og 11 111111111111111111111111111111111-
aglaum, 11111111 og 1111111111 1111111111 11111 111111118; 11111111

11 81111113 111 1111111 1111 og vil maske 111131111111111. 11
l 11 11111 1111 sig 1111111111. ·- Ρ1111,1121.1111111111. 1111111.)
1111111·61111111 111. 185-8011. “
111111 111 1111111 11111 Μ111111111 111 1111111111 Thamanon 1. 1111111111.
1 11111111, 111111 hau imodegaar [11111811111111 nemaerkninger mod
1111 1111111111111 1111111113111111813111. - Aurium, 14. Novembris.
4-65.
11 Μ1π111111, 1111111 1 1111111, 111111111 sig mod Diues 811111111 1111111111.
111 med flensyn til begaaede 111111111111111111111111111 1111111111

Uden Datum.) 111 1111111111. 81111. V. 665-667.
1 1111111 1113111111111111 011111111111811111111 111 11181111111 1511111.
an 11111111, 111111111111111111111111111 11 1111111 111 11111111 og
vejen 11111111 1111111111111. -811111111, 1. 15. Ν111111). 18111111 ,
01111111111111 111111 0111111111 1111041.
:vnn 11 1111111111 8111111111 111 11 11111116111111111 11111111, 111111 15 111111.
m 11111Τ111111111111111111.- 11111111211111111111. 1111111111
-111111-01111111 111. 823-28.
1111111111 11 1111 1111 11111, “ungens 1111111111 11111111, 111 For· ante 1111111111.
marg. -1111111111111, 111111.) 1111111 1111. 1 1111111, 111111111111111113111.

11 11111111. 11. 111111.
et 1111111111311111. 1 8111111, 1111111. 111 11111. 8. 1379-81). 17, Nom,
1111111111 1111111111 1111111 111 11. Chr. 111. 13111111111111111111- 11, 111111,
st 11111 1111111 1111 1111111111, 11111 har 11111 denne 111 11111111
{s ’1111111 111 11 11111 1111311 11111111 11113 Κ. 11111, 1111111111111,
nil 111111 1111111111111, 1111111111 1111111111 1111111. — Westm„ ·

ι, p, Eng. 1 11111111111111111111161. “

16111 111111111111111111111111111 1111111111 111 11111111, 111111 11 11111111.
1 samtale har 1111111111, 11 11111 1111 111 Magt 11111 11111111 811113
det 1111111111, 11 1111111111 111111· 1111 11111111 11111111, 11 111
'81⁰ 111 dots 8111. - 11111111, 128111. (Tydsk.) 11111111, 11111-

5 11835-50.
189*

 

