1740 114114 14444441 441 Τ114414.

1014615141ιο. 20425. 11113414404414141414141140144011434144 443444404 044 41440441113414

431414411134 Expeditior 111 1441111414 43 441 0411411441, 041 414114 4114114044 1044111411.
- 16. Augusti. (Tydski Udi. 43 1114041. 1 Uri. 11. 11414441 1. 044411. 0. 11411. Friedrich 1111111041 144
0440441013 viii. 608.

4414141434εο. ·20426. 11414111 1441114411 0441144 414004141 414 Η44114, 41 han 4141 1144141144
044 1441144404 114043, 43 31141 114404 1 0441414041431414111411134 0414114341. - 0041
Datum. Chririeneen, 0410141414 111414114 S. 362.

’ 19. Augurii. ’20421 11. 1111111. 4111410141 8411144 1411041444, 11341. 1 Chrisiianopei, 4311411414-
14444Η41041,11440410. ameide, 1114144041414114 1141111414 Michei 8141 under 114441414-
143440411 04 41444414 Provinser. - 19. Augusti. 11114841014441, 4140434041 111-14.

19- rigueti. *20428. 14411 eorus meddeler 11011. 41 0144044443, 41 10411141 0444444414 ¹
811114144111 044414141414144, 111411 1144 114341 4141, 41044 1143140414144, 1144 1141 1414111144- i
stand ior, 1141 1144114101 4141 1411014144, 43 eimau har opsiiiiei 19 hriikier 14140 herr, ,
044440141441 [1144444414 41400414, 4104 heve 11414141 114404 811114 43 84104141411111141

[14111141. - 110119, 29. Aug. (Tydski 001.4311111041.1011.4.1414441.1.044411.0.11411111401101

Wiiheim 144 0040444413 vii. 266 -eh 1

1111434111. 20429. 81111414404410141110110414114114, 8411414144404411444140444101 1
140 0444141414141441, 111411 1144 0014141, 41 01444 4141144 11114 111434 11. 41814113 111 41 en· .
143411443411144441144; 114044 44341414 114404184404141 14141444 44 Expres med Breve.

- lenden, il. ἐξ. Augusti. (Holiandsli.) 11144111 144 1141104144044441441144141111441115.84114.
2414413. S. 717-79.

20. 443444. ’20430 144111 11144414 4111141 111 414 14041 414 1140414111440111134144, 04141141

11141144 1441404144 41444 4111414 114014 114413443; 1141141404144 43 Engiaenderne 1111414- ἵ
ponere 1440 04144 1144041 43 444141140 141 1144041444 81110, 1141114414411 ι144141 i
1111 111Τί04111. -ν 1041111140, 11200113. (81404111 1110041.1111444131444,1)414(1410 114111111211. i

20. 4434411. *20431 0411 41440444413414 0444401 1 lijehenhavn v. 4. 1114411114 4111141 111 ¹
iiuriyrsien‚ 41 04 11. 41814113 1141 4413141 41 441434 11404141414341, 4434 11411440 431143·
141111 4111411434 ii. Fr. 111. 111 41344140141444, 1114141141 814113 111 111114 hehandiei 4411
1141114444 1144344 1141 1401440141 herem 1114011441, 044 1414411134 43 044 4414114 0444401
4044 at 041 hier 14341 44344 hesterni 0441414143. -- 20. hug. 41. 1. (Tydei.) 1111. u. 1414441 ’
r. Geeeh. 0. 11411. Friedrich wilhelm 144 0440441413 1111414-44,

11114011.. 20432. 11414141 4141141044011434144 41411414 11411. 41 Brandenhurg 43 11131· ¹

1440 0114 1114334 4434114404 1144341 1144441144. - 0411414, 21. hug. 111041.) iiii 11
11111041. 1 Uri. rr. 1414441. 1, 044411011411. Friedrich wilheim 144 111440441413 viii. 607,

11. Augurii. *20433. 811114144114 0114141444 11444444, eom 44044 ikke har kunnei 14144111
Danizig; han 4111141, 4104014404414134141144441 1414141414 114144 414 13111404 11401
11414144, 4144 41 44314 44044 0441110440, 43 41 1411114144 4411 113341 433 11140414-
141; 1144 414441, 41 041 41 114041 44401440 4104 1401144014 141440114341 41 4444114
Rejsen tii Poleii. -11104411, 24. 41131181. Tydei 1104 1 54414341, 84141443 141 iiim. 04441411.

3. 81. 8. 108.
1101844344. *20434 140141414143 114 04114 111 11. 41 8444144 441 044 41134141-11411440414
11431143 14411441 04441411 43 814113; (144440141444 04114044 1141 1 hej Gred 44100111

0444144414114434.-1111., 3.(430114141111111844111. 1844441.) hauri 01414. 1 1141114111
5. ii. iii. 169-76.

 

