1600.
19. 101011.

20. 101011.

21. 101101,

20. 101011.

0111 20101011.

27. 101011.

28. 001011.
28. 101011.

1768 Korra 1011011111 0111 711011.

-ῇ-μ...

14053. 81111. 1111111101.

20730. 1111111 01101111 01111, 0111111 0001110111, 11111111101111101011111010011
0111111110 111 100101. 001 11111 0110001111111011 01011 (111. 207191. - 11110110, 0. 20.
Aprilis. 1111011110.111010111011110.11238. ’

20731. 110111. 11 81110101011 1111111111 11. Fr. ΙΙΙ, 11010 11111 110 7011010101
iii 0101111111 111010000111 111 10 01111101111110, 011111 10 111010 1111011 11100111-

11001011110000.-611111.80.,21.10111. (Tydskd Udi. i 011. 01111011 1. 0111011011.
Friedrich wilhelm 110 81110100011 7111427-28
20732. 0111111111 0111111111 1111111, 118110111101 1 8111001010 11111011111101

0111101, 1101010111 0101011111 111111111101, 0110 11 010 01111101 01 1111111011 01-
11001111011 111 11 011011111 011011 1111101111 011110101 1111111101 Punctum 01011,
0111. 11 01. 1101110, 1110 110101111ἰο 1111 domne 11101111, 11101101, 11 Sagen 110101 ai·

1111111 11111, 0111 1101110 1101111ιί 10 dorm, 1101 010 11111 11 1101111 11111101 med;

23. 1121. 1010

0110101111110 11 000111111110 1111110 01111101 ‘dissid‘ 11 01011000110 10100111 0110

11 10 011111 Ρ11110; 011 00011101 1111, 1111011. 1101010100011 011 011111111111111

Forhandlingerne i Kjehenhavn. - 5. May. Tydei 001. 181011111, 81111001 101 011. 01110. 11.
.81. S. 164-66.
3 20733. Relatio 0111111110 111111 11 1111111111 01 011111 residentis 01111111, 11

101 11 10111111 11110001, 01 111 010111 10 11111110 0001 1001111011 111 includeretur, ud
11111011, 101 10111111111101111111811111 1101011 11111 11011011 11 11011110111011101,
10 0101 011111 0111111, 01 11 10 01110111001011 101110111011111 iorem, 011110111 110-
1110110. - 011110, 101] 5. 011. ρ. Tydei 11 11010.11111.1.111111 11111. 11111111.

20734. 0111 1110171110ῑο 11. 1111011100 1010 1111111 111100011100011011111
11011110111 81101. —- 0010 011010. 1011011.) 010111110111111111.481-11,

20735. 811111111 111 001111 H. [011111 111 0111 1. 0. 11110, 1 01111111 010 1011111,
101 0111111001, 11011110 011001011οῑ 011 111111, 11 010 00011811111 1100110111 01101
111011 sig ved deesset, 11 011011, 11 010 hdr 11101011 1100111. - 001011, 0. 2110111. ,
120011.) 010111 1111. 4, 11. Vi. 291-02.

14072. 1110111111 01 ’111110 11. dii-81,

20736. 01111. 0101110111001111811101111111111111101 11 0111111111 1111111101
10101011 Hert. 0011101011011101 11 0111110 111 11110 11 11111101111111111011010110111111-

. 010101.- Β11111110010,28.110111. (Tydei.) 010011.11001101111101101011011011011111-0101·

28. 101101.

29. 101011.

29. Aprilis.

110100. 0111111101. 1111111110. 0111011011 ii, 2. 113.
20737. 0111011111 0111111111 1011011, 11 11. 11 01110 0110 sit Hei er 1111101
011110101101111100011 11010 3 0111 1111 11011011 ai de 8110111, 11 1101111011011

011 11 1110000 11111101 811111110111010101100100.- 8. May. Tydei 001. 1 sceiere.
81011001 101 0111. 01110. 11. 3. 81. 8. 166.

20788. 110111 8111110 1111111 01. 1. 111 sin Fader, 11 0111101111010 81111001

01011110101101111011110111011110111181111.-0111100110, 0. 29.,101, (3111111 uei
i Wieeeigreen‚ 01110110. 1110. 111. 6.

20739. 010 01100100011111 0111001 1 1010100110 v. 0. Μ11111111ξ 1111111 111
0011111110, 11011 111011 1180000101 10111101 11111100 011 011 ene Side, Frankrig 11101-
1100 011010 10010; 11111111111811111010110 011 01 1100111 1111 811111 011 11 es 1101

111188111οΘ. -·- 29. April. (Tydei.) 1101. i 011. 0. 11111111. 01110. 0. 11011. Friedrich wilheim 110 iim·
0100011 vill. 630.

 

