1111111111111 111 Tamum. 1177

1. 11. 111.1113161111111111111111111181111, 11111 111 11111 ham om 11 111ἳ1ῗ121111

1111111111, 1 1111111113111111131111111111311 1111111111 1 1111111111 1111111
11111111311111111111.-111.,11111. 111111.) 1111.13111111.111311,1111

11111111 S. 110-41.

2. 11. Fn. 111.'s (11111111 111 111131111113 1111 1111131 111 400 11111. 1111 11. 1111111-
11111111 111111 11131 1.111111131111 1111111111111111111111113 111 11 1311

111 111111 han 11111111311112111133111 111- 12. April. 1111111111,

17-18.

3. 11. Fu. 111.'s 11111113, 111111111111111 111111 1111111111111181111111111 111111111-
11 13 111, som 2 Mark·Sty11er nu 11111 1 11131. - Hafa.. 11111.

1111 1111111111 1111111 S. 431.

14. 11. Fn. 111.‘s 11111 111 1113118111111, 11111 1111111111111111111111111- 13111111·
e til Frederiksodde, 1111111 111111311111, 11111331 11111111 1111111311,

1 11111331111 111 3111, 1111 1111111111 111 1111111. - 13. April.
11 11111. 1. 1111111111 1111111- 13 1111111 11111. S. 124.

ὃ. 11111111111311111111111,1111131111.11111111111111.11166411131111311116111- 13311133,

15. 11. 1'11. 111.'s Pas 11181111181.Ρ1111, 1111 111111111111131111111111 1111111111.

11 11111 1111111111 111111 1111111111 1111111111 11111 11161111111.-11111111,1.
1111111111, 111113 11 C. 11111 111111111, 11 1664 om 8111131111 61111111 S. 69-10.

16. 11. Fn. 111.'s Ρ11 1118111111 St. Jacob, som 11111111 111111 1111111 1111 1111111111·

31111111111 111111131111101111111. - 1111111, 1. 1111111111. 11111111, 11-
1 1111111111. 11 1664 111 8111131 111 11111111 S. 70-11.

9. 8111111111 u. 111111, 111111. v. 1. 81111 11111 S. 234-46. 1611111111.

17. 11. 11. 111.'s Brev 111 111311 8111111, 11 han skal 11111111 11111111 1 11. 1111111.
111111 1111113111111 1111111111111111. 111111111111 111 1111111111 11111-

13111111 11111111 11111 11111 13 1111 1111111 111111 111 11 111 11111331111

17. April. 1111. 1 1111381111111111. 1. 1111111111 1111111-13111111111111.8. 124.

98. 11. 11111131 8111111111111111111 111 Hert. 111111111311, 1 1111111 han 11- 17. 1111111.
1111111113 111 1111111 1111111111 1311111311,11111 11 111 1111111111111

11111 111 (1111 1111111111 (1111111111. - 11. April. (Latin.) 111111 111111.
1111111111 11 1111111111 8143-44. 1111. 111 11111113111111111111111111111111111111111
111. S. 141, 1111. 4.

19. 111111111113 111 111 1111111 11111111 1 1111111111 (1111 1111111111 1111113,
1 111111 111111 1111111111, 111111131111, 111 11111-1111111111 1111111311,

1 menet, 111 11111111, 11111 111 [11111111111111111111 11131111. - 21. 111.

t. 13 1111111. p. 111111 1 6131111111111111111111111111111118. 1111111113.

110. 11. 11. 111.'s 13 Hert. 1111111111 111. 1161111111 11111, 11111111 de ud. 11. Aprilis.
flddass s⁰f flssflugdommerne til d. 11. 1111 1 1111111113. - Veste 6111111111,
1. (Tydsk.) 811111, 1111111111.

[11. 1111111111 11111111 11 Nicolaum 1111111111 epistola, in qua 1111111111111, 11111111.

1111111111 1111111111 operam 11111111111111111111111111. - Patavii, 111. 11111.
11131111111111111 1¹. 4111.

 

