1632.
14. 1111111.

17. 11111111.

18. 1111111.

18. 1111111,

18. 1111111.

23. 1111111.

24. 1111111.

24. 1111111.

24. 1111111.

1210 1111111 (1111111111 1111 111111.

’14448 11. 1111111 11. 11111 heder 11111 11111 salvius 1111 11 11131 111, at
(1111111111 0111111111 13 0111111113, 1111 1111, 1111111111 1111111, 1111111 1111111111
af Hamilton til 811111311111 111 hans 11111111 Tropper. - 1111111311, 1. 1411111.
(Tydsk.) 111111111 upplysn. 111 81111111 1113111 1111. 1. 513-14.

*14441 11. 1111111 11. 111111 1111111 111 111 1111111 11131111111111111 111131
0111111111 111 hans Rejse til Danmark, 1111 111 skal 1111111111 om Pr. 1111111111-
1111311 paa 81111118111111 13 1131 11 111111111 1111111111 11111111 11111111 1311. (111111.
- Uffenheae'mb, d. 17. Martii. (Svensk). 11111111311111010111111, 81111311 11111 1111111 1111111111.
11111 111, 2. 74-76.

7507. 11111111. 131111, 1 111111 01111. 1 0111111111, 81111311 1111 11111 11111111 11. Adon 11, 2.
80-81. Archiv 1. 1111111111. (111111111111111111. 221-28.

*14448 111111111111 111 8113111311 1 1111111113 1111 1111111. - Ν311111113, d.
18. 111111. 111111, 1111311- 11111 1111111111113111 1111111113 p. F. S. 3-12.

*14449. 11. (11111111. 1111111111111 111 1131111111111101111111111, 1111-
11111111 1111111111 111111813111111311 1111113111, 1111 111 1111111131 11111111
111111111111113111 1111111111 1 Τί11; 1111111111 111 iAErkebiskoppen 111811111111Ν111
13 1111131 111111111311111111111111111111111 svenske. — windsheim, d. 18. Martii.
18111111.) 11111 1111 11111111. 111 81111111113111 1111. 1. 579 - 82.

’14451 commissarius 11111 1111111111 1111111111111111111111111111. (1111111 11.
11111111111113, 1111111111111111111 111 1111111 11111, 11 at opgive 811111 11111113

13 113111311111 11 11 11111111 1111111311. - 1111111111, d. 18. Martii. (Svensk.)
11111 1111 1111111111. 11181111111113111 1111. 11. 384-85.

*14451 111111Μ111111111111 1111111111 8111111111 111 Hert. 11 1111111111, 11111 111
11111111 113 1113 med ham i, 11 1111 111 1131 11111131 11. 1111111111 til 111111 11111
med 811113, 13111111111, athan 111311111111 01111111 11111111 13 1111111131 1 8111111

81111111111111111111111311.-2.11111. (111111 1111.11111111,111111111111·1 1111 11111
1111111111 S. 138.

’14452 11113111 1111111111 11 1111111-1111111111111111111 111 1111111 1. 1111111,
1111131111111131131111111116111111, 1111111111111111 111 at tilvejebringe 11111111-
111131111111111111. 1111111113, 11131111 13 [11111111111111111113 13 1111111111111111

11111 1111311. - 6111111, 2. April. (Tydsk.) 111111, [1111111111. 8111111111 1111111111111111 111,
1111111 1631-34 1. 148-50.
’14451 11. (1111. 111. 1111111111. 1111111111111111111 111 11 undet-stoue ham

i 1111 8111111111 111 11 111111 1111 mollem Kejseren 13 11. 11811113. - 6111111111, 1.
24. Martii. (Tydsk.) Archiv 1, 1111111111. (1111111111. 1111111119.

114454. 1111111111111111111111111 111111111 8111131 1113111111, 11 11111111-
111111111131 have forjaget 111 11111111111111113 11111111113; 11311 naga 111 111111
81111111 1111111111 011111113111 1111311 Breve 111111111111131 1 81111 111 (11111111111
(1111111111 Christian Pentz3 111111111131 1111111 11111111 131113118111111 have i 111
111111111311111111111111111 1111111 1111111 13 111118111111 paa Ρ1111; Tage Thott
13 (111111111111111181111111 111 11111111 som 1111111111 1111111 811113. - 1111111111,
111124.Μ111111. (Tydsk.) 1111111111111111111811111111131111111.11.388-91.

’14455 ,1113111111 111111 8111111 81111111 111 11113111 11111 (11111111, 11111 ¹

111 11111111 11311111 111 111111111131111 11111111 11. 11 1111111111 13 de Kejserlige j
Stade. - 1111111111 am Mityn, d. 24. Martii. (Svensk.) Α1111111111111111.11181111111 11113111
111111385-88.

 

