1780 V 11111 1111111111 111 1111111.

⁸⁰¹⁶ 131-Ξῗῖι111. ·20815. 1111111 1111111111, 8111111111 1. flagenbjerg 11111111, 1111111 1111111
111, 11 1111 111 111111111111 1111111111111181111111111111 11111111111111111111111111, 11
han 11101111 1111 1111111111 111 11111 og seuere er 11111111 1 1111 111111111111111111111

11118111. - Uden [11111111. 111 1111111111. 811111. 11. 820. 1111 1111111111 111111111111 11 1111111111
01111 1111111 og 1111111111 1111111111111111, 111 11111111. d. 13. os 11. Sept.

13. septbr. ’20810 11. 811111. 11111111 0111 11111 og 8111111 Fyen 11 1111111 111 11111111

1111111111 1 8111111111, 11 1111111 ikke lengere 111 1111 1111111- Hasnioe, 13. 8111111111.
111 1111111111. 81111. V. 688-89.

15. septbr. '20811 11. 111. 111.·s Besaling 111 1111 11111, 11 han skal sorhyde 1111111111

Home 11 11111111 111 med Ρ11111111111111. - 15. 8111. 11111. 1 1111111111. 111111. 3.11.111.
7721111. 1.

11. septbr. 14206. 11111111111111111111 81111111111111 1111111111 S. 31-31.

11Ι septbr. ’20818 1111111 1111111 1111111111, 111 1 81111 1111111111 8111111111 og 1111
111111111 01111111 11111 111 1111111111, 1111111111 1111111 0111 11111 11111 11111 1111111-
11111111 111 111 8111111111 og 111 11111111 Bo 111, 11 Ρ111111111111 og 1111 1111111111
1 [1113111111 111111111111111, 111 1111 1111111111 1111011111 13111111 11111. -111111-
1111, 1. 11. 8111111111. 1111111111111111.1313-11.

11. septbr. 20819. 1111111111111, 1111111111111 og Bogense Segne, 111131111111111
01111111111111 1111111111, 11 han 1111111111 11 1111131 18111 og 011111, og 11111 111111-

guard er 1111111111. - 11111111πά1111, d.17. 8111. Ny 1111111111 81111. V. 3111-23. 11111111111111
11111111111111 1111111 1111111 1111111111, 111. 1111111. 1. 11. 1111111.Ι og Lenemand 011111 1111111.

111-3111111· ’20880 Penne 1. 1111111111, 811111 1 Bibe, anseger Kongen om 0111 111-
111111111 11 hans lndtoegter, 11 han 1111 1111111111 111) 11111 1111111. -— 1111111111, 1.
18. Septembris. 11111111111111. 11. 111-11.

18. septbr. ’20881 11111Ν111111 8111111, 11111111111811111111, heder Kongen 111 11
111111111111 01111, 811111111111111,1111 1111111 11111 1111111111 11111111, 11111111
111111111111 1111111 111111 111111 1111111. - 1111111111, d. 18, 8111111111. 11y 11111111
81111. v. 111-12. 111 1111111111 1111111111 11 1111111111 811111 81111, 111. 1111111111. d. 18. sepe

18.-22. 111111, ’20882 1111111111118111811011 01111111 01111 hans 1111 1 Μ11111. - 10111 0111111.
1111111111, 8111111111 111. ferde 1111111 11111111111 1111111111 111. 11111111 V. 21-30.

19. septbr. 14212. 1111. 1 1111111111, 1111111111 81111111111111 1111111111 8. 40-43,
1111111111. ’20888 11. 11. 111.11111111111111111111111111 Η1. 111. 1111111 1111111111 111.

1111111 neget 11111, 111 med 1111111111 1111111 111 1111111. - I).¹ 18. 8111. 1111111111
⁴ 1111111111 811111.11.321.

11111111. 20884. 0111111111111 13811111111111111111111, 111 1111111 11 1111111111

111 11111111111 111111111ῑί11. - 1081111111111. 1111. 1 1111111111, 1111111 111 1111111111
1111111111 8. 39.

20111111. ’20881 11.11.111.’s 8111111111 111 811111 01. 111111 1111111111, 11 111. 11111
0111111, 1111111111 1111111111, maa 111111 8111111111 1118111111111111, 11111111181111111111
11 11111111 1111111. - Hasnioe, 1. 20. 8111. 11111111113111111184,

20. septbr. *20886. 1111111111111111111101111111111111111 Midlerne 111 11 1111111111 111111
- hohenhem, d. 20. septbr. 11111111011111111111311111111118.51-60,

1011111111. ’20881 11111111 11111111, 811111 1 1111, eom 1 111 Aer ikke 1111 1111111111 111 ,
011111111111111, heder Kongen om 11 give 11111 11111111 11 11111111311111111410111111111

1 Fyen 1111111111, 111 11 hun 11111 11111011 11111111 11111111. - mmm, (1115111 ⁴
111111111111. 81111. V. 321-25. .

 

