Κο110 (1111111011 01111 1111101. 1083

Κ. Can. 111031111111111011110111111 1110111111, 1101111 11 00111 1115121ῇῖ
111111 1111 1 1111103110111101, 11110100 ikke have 111111 110 111113111
“ 111-11111111, 11 101111111 11111101110111011111111101 111111111 11011111110

1111. - 01111101131111110. 1111111.) som. 1111101110.

10111011, 1111110101 1101011100, 1011111310 1 11011111 03 11111. 11 15. suns.
101 (111 1111113-1011110111 1111111- 03 11011111111110111310 1 111011-
111101 1110111110 03 8111113 011011111 111 111111331111111111111110 11111101

111111 1100311131101 1110011111 03110131 1111 31011 101 110 111111813. -
1.) 11101111.11111110,11111.1.111011111111.1.1111111[101111111111111110111111331. 1111.

111. 74.

Resolution 11 111 1111111-1101111111111 11100111- 01 1111011111 1111 Land— 1111111.
013, 1110111111 111 1111113111 1111111-0311011111, 1110011110110 101-
11031 har hjulpet 111 1011110111 0111 1111130310101113 1111111311 113 10
111 11111311 40000011. til 1101111110110010. - 11111111, 111011. 111111.)
1011111111. d. 1111111 1101111110111111 11. 388.
. 111131111111 1111111111 1611110310111110100110110110111110101111103 1111111, '
1111110111 Μο11111 11 Usum, 111101 u 1111111110,Δ 11010110 1100111110, 11011

11111111 AF 11111101οο011, 111011 11 0011111111 de 101 511311 11110 111 100101
, 11 5 110101113οἰ11 1111011 03 11101011 11111111, 1010 811110 11111 10-

lv. om. — 15. 511Ιί111. (Tydsk.) 111111111111.111101.11111011111111111111111

8. .

1. 1111120 11011110111 6111011 1 Wien, Ρ101111, 1111111 111 110310 om 11 11111111.
,11 010 Hert. af Friedlands 1131111131111011, 1010 110111 311 01 ’1111 11

1013 03 1101111110 11111 01111110103111010111 101 113 1111. - 211011 n. s,

l (1101111, 1111111110 16211-301. 98.
1. 111 1110111111 11111 Ν11’1 311111111 111 11011111111111111101 1 1101111110, 1111125100.

111111 011110311110 1 Ν11111110 11 011101111 1110 1100101 0111 8 1111111
1111 11 110111 11111 111 11. 11 1111010111. - Vorr 0111110111, 11110 2110111.
11100111 van 1111 1111101. 61000111111111111111116. 1111118. 111113. S. 149-50.

.0. 1111011111, 11111. af Friedland, 111111111111111111111111.1110111111, 11111111.
0111 111 Gange 111 1011111111 ham 11111111031·110111111ι11111031101,010
derved. - 11111πεὶ1115, d. 26.Juli. (Tydsk.) 1001111110011011111111001

13111 113

111.-403211- Tuom 110111 8111111111 111 11111111111111) 1111110110, 111111 han 1110111.

som Bethlen Gabors Μ10103, 11 11. 11 11100111 1111111 sin 111 1 rent
e, 03 11 hele Ligaens 811111 10111 011111 111 Wien. - 0011111111ῳὶ1,

11811811.) The 0130111110οι 01 8111100111 11018.5θο-32,
82. Hert. Anow 1111011110 111111111111111. 11111111101 0310111 1 11111 11 1110111.

11 1111113 op og 10111311 100113 0111101111 111 11111010 med det 0111111111
10 111111111111 1111111101 001 1111011 sin Kommissaer Μο1311111 11110110, 101

1111111111113111 1101 1113101101. - 11111, 211011. 1111111 111111111011.

ῒὲἔεὼΗᾜ 5332 af Ηο111101 11111111111101 101 1110111011οη0 0111111 11 1811111·

1111111 et 1100111301 1113001011011.- metz, 281011. 111111.) 011. 1 0111.
1111110311. vlu. 56· '

 

