6. 101 16. 1101111.

9. 101 19. 1101111.

Kouo 6110101111 011 Fissus.

ffl—

*14663Ι 1100 10001100010 1100160οῐ 1 Wieu 11101110 1111111111 iudberetter tii sin
110301103, 01600 600010 110030 har 00061 0110101 01011 to: 11010111 1001101 03 601610031 111
0161110 61060006011100611030100, 03 01 1100 her 110161 010600 11111030 110 600 0001101010
11101. - 121110110. (1101100111 6611110161 i. 110060 0010110101. 6000010110-0001100. 11111111. sir-72.

*14664 11. 61111.11’.1106016106011111100 010 01 10111010 hos 600 1011006010110016001,
00100101100601610111033011010011 110101000610011, 0001 66113010 110160 31011 00301
11110160 101 hom, 11100110 11010 111113 111 01 homme 1101111, 60 1100 00011060 111011011001

Frederikshorg 1111110 1010116101. - 3. Marte. 000010600111. 119. 1110601. 1111110, 110606101013
61011 6011110111. S. 8. 1110601. 1 111111, Semi. tii 600011 1113010301601. S 238.

*14665 11. 6011. 111. 010111160110611030011110003016060 1610600510 03 6160111
1 110000 6030 111 christophor 11000 111 6000030016 0106 006016060 1100311101 1610110103

6030, 1110110 1 Vardo 6030 03 01011011 1 0011011 6030. - nostro, 4. 110110. 11611 iiius.
0010000103 1010610101 1101001 11100. 11. 91-98.

’14666 11611011. 0111101111 11. 110111, 01 1100 000601οἰ0 110061101 Peter

engelmann ior 01110110 00310 1111601101. - 4. March. (Latin.) 66101111311110113111111
11011011 6. ’19.

*14661 111101011υο 111, 101 90100101, conventionem 10101 Stephanum Polouiae 01
Fridericum ii. tranire 10300 610 10. hpr. 1585 1011010 teir. Nr. 38651, et 0 sigismundo 111,
1030 1010010, 610 11. 1111. 1589000610101001 1010111. 41431 60 cessione episcopatus Guro-
0100010 0160 1111110360 1000101001 huius episcopatus 01 nobilium 01 oppidanorum 000001-

100610,0001111001-61000010, die decimoquarto mensis Martii. 11. 003101, cod. sipi. 10311
10101110. 420-23.

*14666 1100 0100010 110016001 1 0100600 1. 61001110 11101 111 1101 01000110100,
111011 1100 111. 0. 0111111101, 01110101 113301 10113 1 11100600, 1010106001113 0110010060 600

60001060001161οΤ1111030100101110111100-11ῙΙ11001100, 6. 1610111111. (6100011.) timer,
010 1101110061. 6011106000 11111 waltenstein u. 6. 1010011631-64 11. 85-87.

*14669Ι 1100010100 Cim. Fmrs’s 11101 111 1101301 110000110060 010 00310 theo·
1031010 6110130100οΙ. - 1106001000, 9. Morte. 010111 1 1111101011. sami. 3. 11. 11. 511,

*14610 106501010103 110 600 0100010 110016001 1 1100100111 6100000 111 600
0100010110301103 001 60 600010610101000601001001001 001 6101130 11113 mod 11010010ος
1100 100660101, 01 1100600 06100100 111 110011110100 0160 600010 6110111010 03101006, 11101110
Τ1110100 11010 10111011 300 Mennesker. ht 6000101 1101011 01 110061 1 1101001000 11000010,

011011111300 03000 01 600 600010 110030. - 9. Μο1111. 1610001.) 010601.10100οο1111,1101110-
11130 1113010011 00601100611030100 11101100611. 63-6103 6. 265, 1001. 1.

*14611 000 0100010 1100160011 0100600161001110 11101 111 600 01000101001-
mester i Leipzig Andreas Wechei‚ 111011 1100 111. a. 00110101 Ρ1.11111101110100 1116011100100.

- Orestion, 19. martii. 1Τ1111111. 110101, 010 1011111061. 6011106000 0111 Waiieustoin 0. 6. 1111101
1631-34, 11. 89-90.

*14611 1100 1000600010 110016οη1 iWieu Assumo 11111111 10600101101· 111 010
11030603, 01600 600010 110030 gisonem Oberst 1101011 har 101001000111101100010101001100-
111110 1110110111 1101001000 1006 03 60011000, 03 at han arhejder 000 01 100 01 0110106οΙ131

6106010060 161006 1 6100111010 hans 6000061 100100 1 Ρ103. —— 19100110. (1101100011
1161. 1 Archiv 1. [tunde osterreich. Gesohichts-Queiieo 11111111. 372-73,

 

