1617.
28. Octobr.

25. 001111.

934 . 11010 60110101 011 1111011.

---- ..----——--——- — —.—

*11255. 110001111100011 101001011 1111111. iv. 01111010 0111010113 mollem
0110111011 03 11010101 03 110101 001 101113 0011030100 101 010 010101 paa donnes 1010-
01000010 001003100101101101011011310111101.--1110010 2800101101. (8100011) 0111
0011001013, 000101 11. 1100111101. 11. 688.

’11256 111 0000000100οε 111010 011 1100010300 01 Breve lydende [100810130-
10ρο 010111101. - 10001113 n. i. 1110110100 103. 011000101101011103. 1013011101 0101300
1. 1101010111013 1011186801. 18.

’11251 111.01100100110011000011110011101100010110, 00010 11010010, 10 0103111,
11 quibus 001101111001010111100101, gratulatur, errores 111100 01100100100110000 10113-
0100111000 00011110 0180101101110, quos adoptaverat, 0010000. - 1101101310, 10. Novembris.
11011001, 1111111011 101101 S. 1311.

’11258 11.011.11.11010101111301111101101011011, 01 han 1101 0111101, 11
11100 000110010101 18131111 0011011111, 101 01 10030101 poa 0111110101, 1111110011οῑ0
010100101110 0001100 0010, 11011010011100101, 011101 500 011. (i 810101 10110111-

113010 1100100110 1000 011.) 111110 00100110 111 11100 0110111011. - Fredmlrsbory, ll. 001.
10101 8101001110, 01111. 111 Erre 1110111011. 11. 18.

’11250 001 0100010 0130101110111 8111110 01111101 1 011 8111110100 111 11. 000101
11. 111011 101 1111010011, 0011 111010 han og 00001010010110 11010 01111111 0101 00101111
0010111110 10111011 111810113, 03 001001, 11 1000111011 101 80010001 111810113 00101101

0110101100110 0113. - How, 1. 11. 001. (8100011.) 011011111101000111011,10111111.11
81011301 1011030110 i 1101110111301113011. 1018, 121.

’11260 0111101130 0101 111 K. 000101 11. 11011, 111011 han 1011011001 81111010
110 0011011 1111011 31010011 800101 011 0011030100 11, 01 10 1010 0100011 Pas 031113,
001 1101111 1101010301 011 010010 11011011 01000110 03 101010 0100011130. - 0010101101,
12. November. 1111. p. 81001111 0000011013, 61110111. 110111 11111 iv. 685-86.

’11261 0110100100 0101001100, poeta 110100100, 10 11110110 01 Μ. Claudium
0111010000111100110011001 10110 senientiam 000111 10 00111110 01 scandinavia exponit. -
Nessapolr'‚ 12. 00100011. 0011101,11111110111010018. 136-38.

’11262 0. (10011111. 100110 8111110100 111 010 0000111 101101 skyrto, 1110101101
10000 01111 1010011110 00001010101010000011013100000110101001110 03 01011010 dom, 11 han

011101001100111. 1111111. 0000110100 01 010110000101 111 100 1. 1000011010111. —- 18101111
011 03 010111. 1 000100111011, 1111111110. om 81011301 1011030010 i 110100111301111301 1. 100-101.

’11260 1000110100 1101111 8111011 1111101101 1101010100 01. Christian 111101.
01030100, 1110101000 Bispon 0311111 hodsi, 11 do 10 0111130 110101000101, 0011111111
00101100 101110 8110, 0010 8101 101 010 1 01110 110 0130 101 8. Hans 003 1010010101
0130 101 1111001113 1001101101. - 0110111110, 1. 25. Nouembris. Ny 01100111. 0111111111.

’11261 Μ. 01100100 110010101οο0 110011101110 11110110 01 Wiiiiohium 0001·
11011011 10110 sententiam ojus 10 00111111 01800011011101010101110000001 ipsius 000 01·
10111010 docet. - Hersolpoe, 26. Novemb. 00110011111110101110110118.138-39,

’11265 000 0101010 01301101 101111 8111110 1001111101 11. 00010111.11011,1ῑ
100 01301010 110030 harde furiali, 111100 110110 0111011101 Κ. 0100001111 iil 0111301111

000011100101001110110101111011 1810113.-10111011, 8. 000111. (Speusip 0111111
0011111111οη1, 1111110011. 011 81011300 1001300101110111011131 1111301 18186.

 

