1111111111111 1111 111111..

———

. 11. Fr. 11131 111111 111 111111 111101, 1111111. 1111 1110111111, 11 111111 16. ¹⁰¹¹!-

11181 1111111111110111.-1111111. 1111.111111,81111111111111111111111111111-

,12611111 111.“1 811111111 111 11 1111111111111111, 11 11 111111 1011111111 11111111-

nogle 111101111011 11111, 01 1011101111111, 11101110 111111110111110
1111111, 11101101 11, 11111111 111111111111111111, 110111 11111 111 111111111-

1111. 11111, 81111 11111. 111 11111111111 111111· 11 111111111111 8. 116-11.

1. loma 11111111) 1111111 111111 11111, 11 111011111111111111111101111 19. 1111-
(christina), som 11111 1111111111, unguet hun 111111 1 1110111111111; 110

ng 111111 11111111 1111111111 1111001 11111111111111 01 1111111111 111 med 1111-

11 111 1111111111.-11.19.11111. 1811111111 1111111111111111,1111111111. ’

ξπ 11111111. 111011111110111.11011111111111011111111111-11110111111. 17116. 1. 111-11 1111111.

11111011111111 01 810111111111111 11111. 1 1111111118 394-95,
O. 1111111111 101111111111. 1111111111, 1101111111110111111111111111111111 1 21111111-

·11111111 011 11 11110111111111, 111 1111 11111111011111111111111111111-
Udbredelse 111 Suro. - 8011111, d. 26. 111Ιί1. 81111. 1110101111.
1, K. 111. 1113111111, 111111111 1110111111, 1111101 1 1111111111 81011, 111 2741111

1010111111 1 1111111111,11111111 111111, 0111111111 ikke 11 1111111 25 111,
um. 11 1111111. 1 1111101, 1111 11111111111111111111 111101111111. 1. 261.

12. 111111111111 111111 11111111 (11111111 1 1111111111 (1111 1111011100, 30· ¹⁰¹¹*-
111, 11 8111111 1111111110111011111111111111; 111. 11 1111111111 111111 111111
11101111100111111,1111111111111111111111.-9.1111. 1811111111 11111111

11111 [1111111110 11 1111011110 S. 191.

33. 11. 111. 11131 8111111111 111 Bgm. 01 11111 1 1111111111 om 1011111111- 21111111.
den i staden ssmsewssde Ρθῦῑ· - Fre-mmmmm, 2. 101111. 111011, 10111-

1 8111111111111111 11111. 1 [11111111 S. 3911-91.

54, (111111 110111 111111101111111111111111111110 11111111 11011 111. 1. om 3. 11111111.
mark, ..- 811111101111, d. 3. Augusti. 1111111111 1111111111, 111 111. 11111. 11. &my—66,

65, 11110111111111111 ad 101101101 1111011111 epistola, 11 111 commemorat, 11111ιο11
m imperio abdicasse, 111111111υοί1 10111111 1111811111111101111111 1111.

xv, Aug. (11111111. 1111111111,811101111111011111111466-67,

111, 1111111131 0111111111111111111. 11 (10110111 11111, 11101111 111 be· 1111111111.
f 0881111111111 11 1111011 111 1. 28101111 1 1111111111.11111111111010111
1,,,1811111-8111011 1111111111, 1. 12. 111. 1111111 111111111111110.

161. 111111111111 111 11111111111111111111111111111111111 1111011110. 1 1111110111.
. tales om 111 0111110111 101111 111111111, 111111111, 11 Stridon med

1118811] 1 8111111, 01 101111111010 111 1110111 (11110111 11111 mod 11. Fr. 111.

sami ⁰¹1¹ Pesstffl ῑ 9111111111· - 30. 1111. 18110111 1111.011111111.ρ.1111111
1111111110 11 1111011111 S. 1911011011. 1. 101-01.
968. 1101111110111111111111011 1010 11111111111111111111 1 8101110101, 111011 11101011.

m en 1111111111 11 11101110111111111111, at 1111111111 1111111 111111 111-
nd, vnde 111 11111 11111 med 1110111111 111 1111011 1111111 1010 med Polen,

md svefig 11111 0111111 1111111 0101 11111 1111 med 1111111111. - 8111111111,
(111111 1111. 01 1111111. 1 11111111, 111111, v. 1111011111. 1111111111111 1. 117.

γ1
1,;
11Ὶ
11 <¹
11”
’,1
1 .
1
111

 

 

