11111 1111111111 111 Tamum. 1775

20815. 81111111 81111111 1111111 111 111 1111111 0111111 Τ11111, 11 1111111 10. 1111.
11 1111 111 11011111 81111, barban 11111111 811111 (1111111111 sng; 11111 1111
1111111 111111 81111111 11111.11111111111 11, 11111 1111111111111111111 ham
Bedste; 111 11 111111 11111111, men 111111111111011111111111111111. -

(811111.) 81111111, Hannibal 8111111111. 238. 1111111. 1 1111111 811111, 1111111011111111111
1111 S. 115.

20816. 11. 81.111.’18111111111111111111111, 11181111111111110111111111- 1111111-
111 1111 111111. - 11. 1111. 11111111111111111.1111111151.

20817. Μ. 111111118111111,8111111111111101111111111111, 1111111011 11111111 11Ι 11111·
ne 111, 1111111111 111 1111 111 1111 0111111111118111111 1111 1111111311-

1, 11 8111111 111 1111111111 ham ved 1111 8111111111, 111 11111, 111111111111

1111 11111111 11111 neget 111111. - 111111. 1111111.11111111111111111.116.

10818. 11811111 Μ111111 111 01. 81111 1111311111, 811111 1 11111, 11 1111111111 1211111-
1, at 111 111 11111 111111 Μ. 11111 1111111111 111 1111111 1 8111, 111111 11111111

11 Andreas 8111111111111 1111111111, 111111111111111111. - Ham, 1. 121111.
11111. 3. 11. 111. 177-78.

10819. C. 1111111111 81111111 111 0111111 (111111. Natta, i 1111111 111 11111 121111.
111 011111 811111 1111111111 811111111 1111 81111 1111111111111111111111
Κ]111611111111.-011111111,11112.111111. (Tydsk.) 011111811111111108-04.

0820. 8111111111 111 [111111111118111. 11 8111, 82111111 11111 1111111 81- 18. 11111.
111, 111111 11 1111111 111, 11 1111111311111 maa 111111 1 111111, 11 ’1111111111
11111111 111 81111 11111111111, 1111111 11 11311111 111111 11111111 111111

og auden Tynge. - 18. Juli. Brudat. og 1111. 111111. 1111111. 5. R. vl. 132.

1821. 811111111111 011111 (1111 11. 8111111111. 11. 111. 111 1111111111 ham 111111,
Frijsz opstaaede 81111; 111 11111 111, 11 111 111111111 [11111111111111111111

1 11 11111111 11 1111111111 om 011111111 0111111. - Koehoffl, am 19, Juffi,

11111 mg. 4. 11. 111. θοῇ-06,

1822. Brev 111 Dr· flenswc ELEONORA paa 1111111111Ιῖ1 Vegne til 11 ’111111 201111.
11 hans Virksomhed 111 11 1111111 ’1111111111 fljemsendelse. - omme a scm.
‚millet (Fransk.) 1111111111 11111111 11. 519-21.

164, 1111111111, 1111111 111 811111111111111111111111 S. 4-5. 21. 11111,

823. Κ. Fn. 11131 8111 111 11 1 8111111111 11111118111111111, 11111111 21. 11111.
paa 811111 111111 1111111111 6 1111181111111111 111 111. Tage Totts Plads i

21, 111111. 1111.11111111181111111181111111111111111111111188. Summe nug udglk ¹¹8·
11 1111111 1 8111111111111111111. 111, 111111.

824. 111111. 111 81111111111 1111111111 111 (11111111 01111111 1.1. 81111111, 21. 1111.
11111111 sine Troppers 81111111111 111 8111111, sordi 118111111 ruste saa

men3 nu har han dog givet 01111 111 81111111113.-21.1111. 1111111 uam
,1, ι. 011111. d. 11111. 1111111111 8111111111 111111111111111118,

325, nen 11111111111111 6111111 1 1111111111 v. 1. 81111111 11111111111 211111.

‚m 0011111[11111111111111111811111111811111.-111111 111111.) 111113
u. Actenst. ι. 01111. 1. 11111. Friedrich wilhelmum 8111111111 111, 71349,

221*

 

