Κ666 8661611611 666 1161166. 1233

1691. 1116161 116166 6111166 66666161 1161666166 111. 6., 61 661 1616611136 1611111116.

11, 61 1116161111 6636661166 161666 11 6111616611 1111116161 6616116161 61161 1161166-
116-111611, 6. 20. April. (116611.) 1161111611,116116661616616661116.

1696. 1111616 (16611611, landgravii 1166616,116116661616 66161, 16 quibus de 116661·-
11611636 116616 6666111616 scribit. - 1166666, 21. Aprilis. 1111111666111666666

696. 11. 666. lV. 6611136116116611161666, 11613611 1166661616, 61 bruge 661 14. mm&
1661666166 sami den 1611661616 1133666616611616 1166666616 63 1161616361,

8111166666. - Hafnioe, 14. Aprilis, 111161.8666661611668.111-16.

691. 1166 11666116 11666661 m: 166661111166811111616611111. 6111661113, 111611 16111161·
6611611116611 1616661666 8166661 616 616161661666 1666 11611. 6186611666,

11 111 1666316166 61 1166666-11611661661 661 61 166 116661616163 616131166

661616 116636. - 1161111666, 66 25. 61111. 11166611.) 1611616661116616166-

-61,

18. 1166 61666116 116616661 1111666661..11166111 61111161 111 D. Jacob 81616-16·11116·6111111·
166616 (1666661 1 616666661613, 63 66116161 111. a. 1161666116666 Μ161616616166

111 1161161666 63 6616 1616666616361 661 61 16666 11666 1166616111. -

i. Aprilis. (Tydsk.) 116161, 1116 1611111661. 8611166661 6111 1616661616 6. 6. 1161661

-ffl· ¹

1. 1116666166 1116111161 11. Chr. 111, 61 1166 1161 66616161 666 111 11616 16. 611111·-
61616111 1161611 1611666 6166611136161661613661, 63 61 66666 61616161111636

e 666661 11611 661 1616611136 Patent 663666666161666 1611161661 16 duplo

11636 611 111, 61 661611161616616116111663666 1166116, 11116 66666 ikke 61

66 161611336666 [161616136166. - 1161, 6. 666116 1661 616611361661161116.

111, 11611666161116 6666 1. 286-87.

11161611 166 01666666666166 8111116166 111111136 6661661, 111611 1166 17· Α111111·
it ijene Danmark. - D. 27. April. 1110116666111 11166111 116 11611111161. (166661-

86116. 29. 16613. 8. 481-86.
116611 Udi. 1 zeitschr. d. (1666116611. 1. 86111611·.-116161.-1.666611.6616111111161611899. 1ο, Apum,

11. Gna. iv.’s 66161163 111 1116161166 1 81611666, 61 1166 1666161661666 11). Aprilis.
1 1· [1166666616 63 11666 1161161166 161 613, 66161661 666 161616 161 11666

63 1611116661· 666 66666 111 6161111666 1 11166 16661161. - 1161616, d.
1111611161. 861111. 1111911.

Kejser 1661116166 11. 6666611161166616161161111161 bl. 6. 61 6118161 111 1ο. Aprilis.
- men, d. 16161611 Aprilis. 111661.) 1161161611, 11611661161116 116116 1. 291-92.

Η, G. v. 66111116 11116666166661111111. 161166 (166136186611666 61616116 16116111.

1166 661 16111611361611161611111.611)66616111.-Β666666, am 13166116

111111611616166 1111661261-611. 2. 11611.

lomus 1116666111 6661166611, 1166666-1166661611136611 wien, 6111161111 33, mm„
rode og 61616161 111. 611616661616666666166 1 [16166661 (som 666 61, 61
3 161 en 666611, 661161616366661611616666661163116666316166666

0161161· den 6666116 111631163- 1661, d. 23. april. 111661.) 116161,
6111 Wanenstein 6. d. 1161661 1681-31 ΙΙ. 116-16.

 

 

 

 

