Kmm 1000000 011 Το0010. 1195

*18791 11100111ωο10 8111101εο 1118130101010010100, 1113000111ου 031131100110100, 1611115111

10000 001 01 1010 Hannibal 801001000 803 1011100310, 000 01 100 10000 100 01

110001 101 010 1000100, 01101, 1110 1100300 ej 11100 11030 100011000010, 01 100

110 0030 11000010 1 80110001. - 26. 1001. 1111. og 1110011. 1 11111. mmm. 011. 1. 681-81.

’18798 11. 10. 111.’0 80101103111811100100010 Anderson i 1011013, 01100 0101 17. iunii.
1100013101, 01 80110100 100 000 10110010 81010 001, Μ. 11000 1831011000, 11010

101 10110001 0110 01 11010000, 0031101 010 8011111103, 03 10000110 00 ny. -

ii.) 1111101111. Sami. 8. 11111801.

11132. 810111. 011010100. 0310011,
‘18793. 111110 11110011, 8030001001 i 10030100 03 1101011 103100 1101100, 111110 3110011.
‚ 8030001011 1 1101110, 111100 8111000, 8030001001110010, 0311οο0 (1110000,
001 1 1111100101, 01010110 80011011 10011010 111100011101000100, 1011130 80300-
8000010, hans 8010 03 81. 1110101101, 0080300010οῑ 1000001000, 0030000011
10101. - 11011110, 0. 8010011. 11111111111.0101.1.138-11.

’18791 11. 111. 111.“0 11100110 111 8111 1001 1. 1100001000, 8010103000000101- 1. 10111.
01 100 1101 103110 013 0101111 011 100 03 001100 81010 0111100001 03 Gejsi·
11100010 1 00 0108330000 80110001 1000 0010010 00 8100000 000 1101 8100 01

(111 [Amfion-den). 81110 03 1010100111οο 0101 1101010100 1010 0110110001. - Liuii.
011 11111. 03 700031. 11111. 258.

18795. 1101101110 8010 1 8101001010 0000301 111. 11. 1111 010 01 0100110 101010 2. 11111.
100110101Ιο0 100 1101110100, 11011 1000 10001 01101 10101101010301 10 1110111101
flamen, som 1033000110110100, 10100 0101 10001111. 11111000- 1101111113,
(Tydei.) Udi. 0. 110011 1110100, 8111000100ου S. 81.
18796. K. 111. 11130 11101110 111 Christian 11110, 11000010000110110301, 01 100 imin.
i 011 1100100103 010, 0180000100110001 00110301 11101001 000 8100000100 100

den 000 Grund imrer under 1000 Len. -1101, 0101. 00011001 03110111.

110797, Τι 0110000110 1110011010 1001010110 111 81010100001, 01 00101 81110 010 1. 10111.

110310 1 0100000 1100001011 80000) 0110110000101113001110.-6.1010. 18030101.)

1. 11001. 801. 1663-51 s. 7- .

8798, P. 18100111111110180010001001810011010110001100100180300 mod (1011, 110111.
iis Tjener 111010 11111 101 1001010101οῐ 0101010000 100103; 1100300 03 11001101
denne Gaug 111101 damme. - 1. iuli. 1101111110111001010101,

8799. 1011101110 1111001100 Nicolaum 8010οἰ010 00101010, 10 qua 0001 10301, ut 1110111.
cornificium 8110101001, 01 01 0010001001 commeaverit, 80031001 amnem suum ¹
250, Bartholinis 00 1111011110 00111101. - Patavii, 11111111. 81110000018111030

ᾅδει Κοῃ11000011101 80011110 0111101 111 11000010100110010000, 11. 0. 01 0111 1010111,

1 har indbmgt 011 (1811811 Ρῐῑὸθῡ- 15.Ju1y. (Eugelsk.) 81010 110010 0001. 801.

 

 

 

 

,100103000010010010001110011000111 810101000οῑ om, 01 00100 81110 16. 10111,
de 111 110011013. 100 01000 01 11. 0180000110 80100103 kunde de
01. ·- 16. July. (ingemi.) 81010 110011. [inm. 801. 1618-518.31.

802· Ansogning im 8011100100 0001001 110 111 00 13000113· 11011011100311030 18, ium.
,omesen Sehesiedii 001 01 11011110 1001 10010 0110110 1001100300, da han af

29.

1801·
3 lioni'Ojeoe
gjennem 5⁰⁰⁶

 

 

