1596 11111 1111111111 111 111111.

1653· sognepmten i 8111111 11 111111111 111111111111111, 1111 111111 1111111 111111111111.

.. 18. Juli- 1111111111 111111 11111. og 11111111. 11. 8-9.
2811111 11153 11111111 811111. 111. 329.
2811111· ’18808 11. 111. 11131 81111111 111 1111111111111111111 og 811111 1111111111-

111111 111 1111 111111 81111111111111111 111111 patronatus til 811111111111. - 2811111.
011. 1 1111111111 81111. 3. 11. V. 619. ’

11111111. ’18801 8111111111 1111111 111 8111111111 111111, 1111111111 1111111111111111

man 111111 1111 11111111. - 8111111111, 3. August. 1811111111.) 11. 1111 11111111, 1111111111.
8111111 11111 11. 281-811
2111111· ’18805Ι 11.11.111.’1Β1111111111111111111111111111 1 Fyen, 1111111111111-

11111811111111011111111 0111111 11 1111 1111111111 1 81111111, 1111111111111111111111
den lovhefalede Alder. - Kjobenlmvn, 27. Juli. 1111111111111111111111.11111.
1111111, 11155. 1111111111. ·
28. 1⁰¹¹!- ’18806Ι 11. 111. 111. 11111111 111111111111111111,1.1111111. 111 111111111111111,111111
111111111111111 111111111111111 1111111 11 11111111 111111. - D. 2811111. 0111111

1111111111111111111111 8Ι 368.
28. 11111. ’18801 11. 111. 111. 11111111 11111111 8111111111 11 1118111111111111111111111 11111

1101111 de Skatter, de skylde 101· de 111111 2 111. - 11282011. 1111.111111111111111111,111111
11111111 8. 881.

28· sum. ’18808 11. 111. 11131 81111111 111 11 11111111 811111 1 11111113 Len, 1111111111
111 gode Ρ11111111 111 1111111111111. —- 28. Juli. 011. 11111, 11111 11111. 1. 1111111111111111-
11 111111 11111 8. 125.

2911111 ’18809 11. 111. 111. 11111111 0118111111 1111111 mulig at 1111111 11111111 11111
11111 11111111 1 11 111111111 811111 1 1111111 111 Bergan. - 29. 1111. 1111 1 1111111111,
11. 871-12.

2111111. ’18810 11. 111. 11131 ’1111111111 11111111 arag til at lade sig vie 111111111111111
11111111 11111111 81111111111 1. 28111. 1111811111 111 hans 01111 8111111. - 29. 1111.
11111111, 11111. 1111111. om 811111 1111111 8120.

3011111. ’18811 111111111111111 81111111 1111111111 11111111111111, 11 11 11 11111 81111111
11111111111111111111.-30.1111. 1111311111 suto 11111101111111613-51111.

01111111 ’18812 0181111111111111111111111 811111111 111 0111 1111111 0111111111
oldenburg, 111111 11 11111111 sig over de 1111111111111, 111 111111111111111111111.11
[1101111111 og Hert. af Goltorp. — D. 6. Aug. (Tydsk.) 1111111111, 0110111111111111111111·
burget 811111111111111811111111-111111111 S. 101-03.

1111111111 '18813. 15 0111111 1 8111111 111111 1111111 111 11 111 privilegium 111
1111111111111. - Reman, 6. August. 11111111111111111111111.

8. Augusti. ’18811Ι 11. 111. 111.1)1111111.11111111111 11118111. og 111111 11111111111111

pause, 11 1181111111111111111111 1111 1111111111· 11111 Ρ11. - 111111111αῇ1 8111, d·
8. Augusti. 811111. 1111111111.

10 1111111 ’18818 11111111. 81111111 111111111111111811111111111, 11 11. 1101111111
1111111111 1181111111 11111111 11111111 og 11111111 har 11111 1111111 30 0111111111.

- 8111111111, 20. Aug. 1111111 eradat. 1111. u. 111111. ι.111.1.1111.1111ι11111111111
8111111111 111. 662.

11. 1111111. 11162. 11111111 1 1111111111, 011 0111111111 u. 81111111111118111111111111 111 8111111111·
81111111 8. 100.

 

