110110 10101011 001 100011. α 1771

160.
20763. 8111101οο 110101000100001 1. 1100001011 1110001016101000010, 1 0111100 2111011·
om 8101 100 0000 1010000103 om 00 1111101103 om 000101 1100’01010010100001
11 01 100011030 80300 1011100300. - 3011130011ἑο 1101000001, 0201101. 1110011
ung. 4. 11. Vl. 301.
’20764 1100000110 0001001 01 10001011 v. 0. 01100111 om 000101 1111000 110100103 2111111·
et ved Nyborg. - 24. May. 1111101.) 0001101103.1.11.111.301-02.

120765. 10001031000111100 0010 0101 0001100 1100103000 018100110, som var 2011111-
11 0111011030 10 11101101000110 010101 1101110οε 1103110001. Han 00101000 110 01101,
110010 610100 1110000000 00111. -111000300 0. 25. 11011 0011001011. rra 0000000100.
. S. 29-31.

’20766 Μο101 1011110 100000 0111101111 1113010100 1110101101, 01110000 00110111 2611111·
0010 03 81000110 00111001 003, 00 01110 00101010 0030 01000 1 101100. -Brindz-
Ι. 26. Maji. 1810110101 11111001.1110013100110106011110011167.

14116. Ρ. 8101101 1 11010 1100000301 101. 81100, 11111000, 1110111130 o. 11οο00110. S. 30-52. 27. 11011.

’20767 1111101103 110 01300100 011 81111010 commun, at 000 001 1010101111 2111111.
1100010000 11. 0. Νο101 01 11101 med 011101 8031, 000 000 00100 1000103011 11101 110
1001010001οῃ. -6010011, 00100310011100001101. 11100011 00001011031011290.

20768. 100001010103 0100110 111 11. 01 8100100, 00 010110000 11000110110100 211111-
11 1100010111 03 810113 01 010100 00001103001, 001 3011030100100 1 00000 03 om
. 111.’0 101000113000. - 1101, 6. suni. 1810001.) 0000101010.111101.1100011.6.11.

ΗΞῙ20769. 000 01000000013010 6000001111100000011 1. 0. 01011111 00000101, 01 001101,

0 01 010100 01111101 d. 27. - 28. 11101 01. 1. 1110011 1111. 1 011. u. 1010111. ι. 00000. d.
1110011οο wilhelm 100 11100000οη13 11111. 636.
’20770 8010010103 01 001 01110110 8101011110 om 1100000001000011030100 1 2011111-
m. - 8. Juni. (Spansk.) 1101. 03 1110001. p. 00001111011101011011. 111231-32.
14121. Journal 1. 1011111, 110101· 03 1100000101101100100. 1821. 1. 31. 31. 1011.
’20771 61111. 8000100100, 30130103 sergeant ved 81100010010301011 1110000- 31, 301,
00110001, 01 00100110101100100011 hans Rus 110 31. 103. 1659111 1.Μο 1660,
get i Byens 1010101 03 0000100101 03 0000000101 110 10100001. -31, 1101. Journal 1.
,110101- 03 110000010-1111001100. 1821. 1. 35.
’20772 1110001.0100011610110011111000100111111011030010000110000 10101
1101010 1 810301 100 Ν10013,0101000 ikke 0110101010 00100 0113301100 1 8110000
11 1103110001, men 00101013 111 81000- Uden 11011110. 1110011 01101010311111. 296.
14124. Udt. 03 010001. 1 80000100, 11000Ιο01 80000100 1. 218. 11331,

*20773. Den 01000000013010 6000001 1 11100000ον0 1. 0. Μ11111110 0111101 111 211111.
110100 om 101011011130 101001110101100 110001101101011; 1101Ιο000100 0010 0100001101-
80110101100 01 1101101011 1 310103. - 2. 1001 01. 1. 1110011 101. u. 101010. ι. 00000.

11. 1111001100 wilhelm 100 010000000131111636.

’ 14126, 1101.110030001,11010011118001010101101111101011008113. 310011.

20774. 1101111010 8001101000 8111101εο 111 0000010 0011011110, 01 000 010101101- 3. sunu.
1 111 001 0100010 1101 »udi 00310 21100010 000111010010011010110110110, »11100 1
03 0101003011010 100 10010 10311οι. - 1101001000, 0. 311101. 000011000101011 sehe-
.. 221-22.

 

