1646.

14. Ianuar.

26. 111111.

30. 111111.

31. 111111
-1 1111

31. 1111111.

1. Febr.

Α 1. Febr

2. Febr.

5. Febr.

1508 1111 0111111111 111 111111.

’17801 011111 1181111111 811111111111 111111111 1111111111 1 1111111,Ι 11111
111 1111111111111113111111 111 11 11111.1101111111 111 11 311 111 111, 1111111811

3111111111ρ1181111118111111.- Paris, 1111111111. 11111111 1111111,ν1111111111111
11111111-01111111 vm. 49-61.

’17801 8111111113 11 11111111111611111111111111111 11 0111111111 11
118111, 111 1111131111 de 1111111 011111111; 1111111111181111111311 11 1131111111
Kejseren 13 K. af 01111111 med Hensyn 1111111111111111 1111111111 111 1111111111. -
5. Februar. (Tydsk.) (111111111111111111111111111111-011111111111. 83-109.

*17808 1111. 13 111111111111111111111 1111111113111 1111111113 1111113 11-
31111111 11111111311111 11 11 11111 1500 Μ1. 81111111, 11 1111111113 111 111111,
11111111 111101111111, 11 1111111111 111 111111111111 1 8111113, 11311 11111311 81111111

1111111111131113 11 11111311 81111111. 11. - 30111. (11111.) 011111111111111
1111111111 d. 1111111011111111111111111.111. 116.

’17801 1111111111111111111111111111111, 111111 8111111111 1111111, 1111
111111 1111111111 1000 Md. 81111111, 811111111311 1111011111 11111111, 111 11111111
111111111111111111131111 111 0111111, 111111111111 1 8111113 1111111; 111111111111·
1111111311 111 1111111111111111 13 111111111131 1111111311 111 8111111111111113 m. m. -
Uden Datum. ¹(Tydsk.) 011111111111111.81111111111,11111101111111111111111.111116-17.

’17805 0111111181111111 8111111111 111 11 1111111 0111111111 1 Μ1111111, 11111
11111111, 11 11111 1111111111 1311 1111111111 har den 1111111 81111111 i 1111111113 11
11111111 1111111311111 1111111111 dem 1 11 drage 111111 1111 11111111111111 1111111113.
- Paris, du 10. Fevrier. (Fransk.) 0111111,111111110111111111111-(111111111111148-55.

*17806. 11. 01111. besaler Arndt v. d. 1111 11 1111 Hans 8111111 13 1111
8113 111 11111113131111111111113113111 113 1111111111111 111 11 11111111 11111111
Sal med Tapetseri. - Flensborqlmm, 1. Febr. 1111111111111111,01111111111111111111111811. 1

*17801 11311 0111111 1111111 111 Worm 111 11111111181111111113 1111311, ¹
01. 0111111113 111. 111111, 111 111111111113111111 111 1111111. —- Nylciobmq, 111111.
1111111.) 01111. 1111111. 11111111111111 111 1111111 1815111106.

*17808 8111 111111 1111111 011111181111111116111111111, 111111 111 11111111
11011111, 111 1111111111 11 31111111. 111111118111111 1311111111111131. —- 2. Febr.
(81111511) 011. 1 1131. 1111111. 11111. och 111. 1111. 111111. 11111. 141-41.

’17800 1111111 11 111111 13 81111111 111 8111111111 8111111111 111 1111-
113111 111111113, 111111 1111111311 1115008111111113 11111111 1111111131 111111111-
1111111111111111; 1110111111 1111 01111111 111 111 1111111111; 1111311 13 1111111111
1111111111 1131111 111 11 1111111111 111 111111111111 1 111111111113111 Amen 811111·

11111111131113111 1111. -·111110., 111111. 111111.) 01111111110111. (1.1111111111111
1111111 01111111111111111. 111. 117-18.

’17810 011111 11 8111111111 111 1111111111 1 1111111111 1111113 1131111111
1111111111111111, 1111311111 111 disse 111 111111111111111111111, 11111111 med 01111111,

811111111111111311 m. m. — 16. Febr.) 113111.) 01111111111111. 111111111111111
111111111111111. 111. 111-1911111. 1. 111.

’17811 011 1111111 8131111111 1111111 011111111111811111111 111 111 81111111
0111111111, 11111111 [11111111 ham, 11 111 111111111111111111111 har 1131 1111111·
11111111 11 11111111 1 0111111111 1111111111 811111111111 111 111 111111 11113 13 den

111111Μ11311131011111.-81111111111, 1111111. 1811111.) 61111111,1111111,3,,Α,,10,,,.
1111111 1111 111111 0111101111 11819-31.

 

