1609.
21. 1111111.

872 11111111 (1111111111 1111 1111111111.

--———-—-.....-.—-—--„-....-...—-——-— .-,- -...

’10495 11. 111111. 111. 1111111 Jacob 11111111 11 panse, at 1111 1111111111 1111111111
0111111, Μ11111111 1111111111 1111111111111, 111311111111 111 1111111111 11311 Sinin, 1111111111-
11111 ρ111111111111111 1 01111111. - &obeuntur-n, d. 2l. 111111. 1111,011111.1].1111111111133.111111

ν S. xxm—xxiv.

27. 1111111.

’10491 (1111 1111111 111 1111111111 8111111111 111 1111113111 1111111 111 11111111, 11111
1111 1111111111, 1111111111111111111113 1111111 1111111111111111311111111111 1111111111 11111111311113·
111111, 0111111111 130111111111111111111 1111111111 11 sende 0111111111 111 111 11111111131111-
111111111311 om den 1111111111 Sag. - Heidelberq, d. 21111111. 11111111.) 1111111111,
11111111111111 1. 1111111. d. 3011111. 11111311 11983-81

’10491 11. (1111111131 1111111113 111 Lensmaendene ilylland, Fyn 113 81111111 111
11111111 11111113 111 11111111 111 11111131 1111111111111111111111111 13 1111111111 111111, 1111111111

1111111111111, 111 111111111111 111 11111111 1113111111. - 1121111111. 11111 1 11111111111111111
11111111111111 1 9111111111 S. 41.

’104911 1111111111.11111111111113111 1111131, 11111111 skal 1111111 1111111111111 11111
111 1 hans 1111 1111111111 1113111111 11113111111111111 disse 111111111111 111 1111111113, 11111111
111 11111111 1111111111 111 11111113. - Humum», d. 2111111111. 811111.1.1111111111 131111. 1111. 111.

’10199 Τ111111111111115111 11111111111 1111113111 om, at 111111111111111111111 111111-
111111 8111111111 paa 1111131111 31111 111113 1111113111. 111111 111113, Sogneprffist 13 fleffig.
gejst 1111111 1 1111111, 111 11111811111111111111111113 11111111113113111111111111111111 1111111111
1111111111 111. Hans 1111113 11111 111 11111111ι 111111 1111131111 11111111 1111111. - 1111111111,
d. 21. lunii. 11111111111111 11. 1111.

’10500 0111 1111111 11 1111111111 8111111111 111 den 111111111111111131113331911111,
11111 han 1111111111, 11111111. 11 911111 111 1111111111.11111111111111 om 11 31111 1111111111
111111111111311 11111111 11181111111111111111111111111111111111. — HeidelbergJ, am 29, Junii.
(Tydsk.) 1111111111. og 11111. 1 1111111, 1111111 u. 111111 1. 1111111. d. 31111111. 11111311 11. 288-89,

’10501 Benacus 111111 (1111111311 01131111111111111111111111 111 111111111111111
1111111111 Grande, 111111113111 111111 1111111111 111111. - Berqen, 4, Just 03313131.
1113111811.

‘10502 11. (11111111. 1111111111311111111131 111 rot-hyde 9111111111 1 hans 11111
1111111 1111111111 ved 8111111111 1111111 11111111111111111 1111111113, sordi 1111 11113111, 11111311
0111311111 11111 31111 1111131113, 113 11111111111111111111111 111 11111111, som 1111111111
111 1113111111 8111111111. - 1111111111, d. ll. 111111. 811111111111111113111, 1111, 251-52,

‘10503. 11. 1111111111 111. 11111111131811111111 111 sin 1111111111 1111113111, 11111111
1111111111 111111. af Β11111111111113 som 1111111111 med 11110111111111. - Paris, 11 1111111111
1111111111. (Ρ111118111 11111111111311111.111110111111111111,1111111111111141111111111111.
11111311 u. 300—ffll.

.10504. 1113111111. 11111111111111111111 91111113 og large„ hunge ἰ Αῃιράῃῑῃμι
111 11111311111111131113 11 1111111111 11111111 1 111311, 11 1111111131 ved Kysteme 1 (11111111
13 11 adsparge 1111111111 11111, om 111 111111111311111111111181111. —- Ham, 3131111.
811111. 1111111 11111. 1131111. 1111252-51

’10505 111111111111111113111 111111 1111111111 8111111111 111 111111. 11 9111111111,
11111111 11. as Frankrig gjerne 1111111111111111111111 jnlichske Sag ude„ 31 drage 1111

1113111111ο301ι111111111111111111111111.- 1111111Ιὸ111,11.16.11111. 1111183) „myst 0312ss
1111111, 1111111 11. Acten 1. (11111. 11. 90111111. 11111311 11 θοι-3111,

 

