23. 111111.

23. 11111.

21 111111.

24. 11111.

26. lum.

Κο111 6111111111 1111 11111111.

— *-

’16216 111. 1111111111 11 1111111111 1111111 111 8111111111 1111, 11 hun kun 1111
111311 11131 111111 111 Κ. 11 1111111111 11111111, 13 11111 Sir ’11111111 Boe havde 1111111,

1111311111 1111111111. -· 711 1113111, 11. 11113. 11131111.) stau 111111. nom. 111. 1611-41
s· 54 55“1621OE 1111 1111111111 1111111111 11111111 1111111111 111 1111111111 8111111111111

61111, 11Κ11111111 har 113111 Κ. 111111111111 (1111111 1111111111, 11111 denne i 111 Kre-
111111111111111111111116111111113111111μ- 111111111,31.1.13111. 1111111111.) 1111111111,
11111111 11111111 S. 195. .

'16218. 11111111 1111111111 11111 111 Κ. (1111.111., 111111 1111 1111111111 ham, 11
1111111111 11111 1111 ham 111 1111111111 1111 11111111, 11111 11111 1 11111 Κ1111111 111111
11111 1211111111111 1111 111111111111 11111111 1811111 111 111111 111111111111111111111111
warde«, 13111111 111111 111111711111111111111111111 11111111111111, 11 han 11111, 11
11111111 1111111 give 11111 11111111 1111111111 1113111311111111111 1311111111111813111-
21. Juli. 1111. og 1111111. 1 1111111111, 1111111111 1111111111. 111111111629-166011. 117-58.

*16216 Κ. (11111. lv. 111111111111111. 1111111111 Ernst, Frederik og Phfflp 1181111113
13 1111111111, 111111 ikke 1111 1111111 11111 dem [11113111 1113111111 111 [111111113111813
11161111 11 111 111111 111111131 13 11111 mna 1111111111 2111111113 111 1111111111111111.
11 (1111111. —— 1111111111 1111111 6111111111, 1. 23. Julius. (Tydsk.) 1111111111, 11111111-
111311 u. 8111111111311 11111111111111 111 8111111113-111111111 S. 79-811

’16226 81111111 111111 1111111 11181171111111 1111, 11 Κ. 11 1111311111 har 111·
1111111, 11 111 111111111111111, 811 Thomas Roe og 11 111111 6111111111 vare 1111111
11131 111, 1111 111111 1111111111, 111131111113 1111111 Rjobmaend 111111 111111 11111111
11111111 111 Rjobmaend 11 11111 Ν1111111111111. - manau, 23. 11113. (11131111.)
8111121111. 111111 Ser. 1641411111-19.

*16221. Κ. 6111111311111, 11 han 1111 givet 11111 11113 1111111111 med 11111311
111 111 11311113, 11111 11111 1111111111 81111111111111113, 11111111111111131 Materiale
er 111131 1111111. - 1). 24. 1111. 11111,111111131.116.

*16222 11111111 6111111 ad 1111111111 6111111111111, 1131111 811111 apud Or·
dines 11111111111111311 legatum, epistola, 11 qua 11111111111111, Batavos in 1111111111 11111
transigendi adductos esse videri. -11111111, 3. Augusti. 11131111 111111 1111111116811. 681-11.

’16226 Κ. 61111. 11131 11111 111611111111111111111, 11111 11111111, 11111111 11111
1111101111 111 11 11111111Κ. 11111111, 11 Κ.(1111.17.11111 1111111 sine 611111111111 at

- 111131 11111 811111 111 8111111, naar de 1111111 111, og 1111 11111111 111111 1111111113

27. 111111.

27. 11111.

27. 11111.

11111 have 31118111 13 111111 [1111111111 11 11111111, som det 3111111 71111111 13 begga
Κ1111111 1111111 61111 11111111 ss 2611111. [111.131111111ι1“111111111, 1111111111 1111 11111111-
1111111629-1660 11. 267.

’16221 1101111731 13 Hert. 1111111111 111. 1161111111 1111111 11111, 11111111
de 111111111111111311111111111811111111 111 11 1111113 1 11111 1. 27. August. - 81111111
Gottorff, 121. 11111. 13111.) sam. 1111111111.

’16221 11111 111111111 111111111 1111111111 811111111 111 1111 1111111111 Statu·
11111111 (11111, 111111 han 11111111, 11 11. af 1111111111 81111131 11111, 13 11 1111 1111111
Tropper. -1111111111, 6. 131111). 1111611111 111111111111111111111111118.191-91

*16226. Den 1111111111 1111111111 1111111111 5111111111 111 den tosscangke sm.
11111111 61111, 111111 1111 11111111, 11 11. 111111111111 61111111 11 hyppig hos 111

 

