11666 16666616 666 Tuum. 1689

; 1166111661 166 66666 66 666666161661616166. 1166 6116166, 611616 11. Fr. 111.

1166 1611 6616606161, 661 111111 6161 er, 6616116161]6161616666616116661

ν 21. luni. 18661161.) 01166166161106116661666,0666166661111166111666161161611

8. 25-26.

9862. 016661 16616 166666666666 66166161· 666166 0116 81661661, 6666661- 61, sunu.
i 816666, om 1111616166 111 61 6166116 661666 66 61 166666616161 1116666 166
’6661666661 Μ661 111 1611611666 166 6666166666, 66 om 61 166 61166 1661616 8111

66666 1166666 66 11116 116111 111 61 16666 ham. — 11616166661666, 1. 21. Juni.

1111. Ι 8666116666 1111 811666 11616616 1870 8. 10.

9863. 161166616166116166666666, 61 161 er lykkedes ham at opdrive 300 661666,
e ἰ Marsken. - Glyckswd‚ d.22.luni. (Tydsk.) 1111116611666666188111639.

9864. 161166616166 166 166 6666616 1666616666 1 Ν61661661666 Μ16666666 66 sunu.
6., 61 666161116166 66116611666661 66 866616 61116 16 661661661616 0616666-

166 1116 6166616 66616666, 666 611116 616 6166616616. - mendam, 21611661.

666161. 1 16166, 11116. 1. 1166616666 om 86661666 661 116166116166666 1161. 1161. 66166 1661 X.

1598111ῃ 1966166 0661661666161666111 66 616166 866166, 61 166, 66616666 166 24, sunu.

nfldbedfl 611118 flaevn 0101· Η. L. 16ι 11666 11616666), 166 16666661166666111
1816 nod. — Bauer, ’‘lo. 1166161. 1 1166616 86161. 1. R. 11. 301,

19866. 016661 16616 16666666κὸ66 6616661166 066166 0116 81661661, 6666661- 64, sunu.
1 816666, om 166 6161166166 0161666166 6116616161 666 1166616166 66 om
ι Μο161661 mod 6116666 6166166 166161; 661611616666 611 1611661116 6166 Be·
11661611 111 61 6111. 619666661 61661 16116, 166666 16 66616116 1116161666-
.. Ηαηιηιανεὴυω, 1124. Iunii. (Svennk.) 866161. 1 8661166661111811666 11616616 1870

19867. K. 11166 X. 666616 66116166 6166 6666166666 1816666, 61 166 1116 66 suum
d 666 61 Μ616 61 166 616666161161, 16 166 1116 vil underhandle 6661 1666,

1666 6111616166661111111666; heller ikke maa 66666 61 1666 666666 6616666

m 1666 6661 866116116; 166 611 1116 666 161 666 61 611116 166 616666161161

1 den 8116116111. -· Flemburq, 25.Juni. (86611611.) 1166161 66 1111. 1 1166616166, 811666

116616 11. 39. 1116161. 1 8666116666111181166611616616 1868-69 S. 0241196,

69666, K. Fa. 1111616166166666 8661611 66 1116666 1816611661 61 domme, om 661666,
166666661666 1 [1166611666 666 Μ666 111 Gellius 166666 6161666 1161161666 166

Mam, da 16 661 1161161666 1666 1661166661166666661661616616616, 166 6661-

. 166 i 566661 11666616 Elmelundgaard, - Hafnioe, 1. 261661. Ny 1616661

18981719. 0166116616 1666666666666 6616661166 (166166 0116 81661661, 6666661- 661666,

6 smne, om 161611611166 166161166111616616166666616616666166161616616666
holm 66661 om Mangler ved flammershus slot. - Hammarskm d. 2111661,
gar 1111 811666 11616616 1810 8. 11-19.

ἳὲἒῗῖιῃ 1111. 1 0611666166, 06616666 111111 0611 Χ. 0661611611 6106616661 8. 16. 0111 27¹ sunu.

ἓξὲξ Νῐ111911166 X. 6666166 96161166 111 666666166666666661 816666 orn 61 1666 66, sunu,
med Gorfltz 11116111, (la 166 6616 6166 0666611166 66 61661661161661 1666 1161-
nmbuw, 28. luni. (Svensk.) 01118661166661111811666 11616616 1888-69 s. 96

 

