1706 11111 1111111111 1111Τ111111.

1658.

11111111111111 11111111 11 11111111 Sirihe 111 11 11111111 dem. - 11119, 5. 1111. 11111.
1111101113 1⁶6· Nori.) (Tydsk.) Urk. u. 1111111. r. Gccch. d. 111111111111111011111011111 1111 1111111113

iiii. - .
²7· ⁰⁰²⁰bi 142 *4290050 011 01111110113111 0111111 11111111 11111111111 [1111111111 111 111

11111111 og 1111 81111111 med 1111111111 1111111111, 111 01111 01111311, 11 011 01111 311011
1111111011 mod 811113 11111 11111 113 1111 13 hjaeipc 1111111111. - Paris, 111111. 1111111
011. 13 11111111. 1 011 u. 11111111. z. Gccch. d. iiuri. Friedrich Wiihcim 1111 111111110113 iiiii. iiiii-ii.

29. ⁰⁰²⁰bi· 20060. ii. 111. 111. 1111111 1111111 111111. ai Brandcnhurg 111 Μ11111111 111 1111
1111111111 11111111 11101111 13 1111111011 ham 11181131118111111 13 den 0111111111 ’
111111111111111.-1111111111111, 111 20. 011. 1111011111 um 9001. 1111111.) 111113 .
811111. 1 111111. 11111111. 1. 01110. d. 11111, 1111111101111011111111 11111110113 1111594-05.

'29- octobr. *20061. Den 01111110113111 0111111 1 1131111 1111111 8111111111 1111111111 ³
iiuriyrcien, 11 111 11311111 111311113 011 11131111 sin 8111111113 orn 111111181111311
Hjaeipeiiaade. - 11111111, 29. 011. 1111111 1111111111. 11111111. 111111. 1111111111ι11
1111011111111 111111111ου13 vri. 802-03.

29. Octobr 20062. 011111. 1111111111 1111111111 11111. 11 Brandenhurg, 11 11111111111111111111
1111111111 111 1111111111,1111 aimari 11111 111 [1111111011 111, 01111111 dc 111111 111111 i
111 8111111111 11111 under 01111113 11111 111111111111111111 v. 1101111111 111 1111111111. 1111131
1111111111 011 1111111111, 11 011111111111111 1110111111 med 0111111111 1111 11 1111111131 i

111111111111111111111111.111.- Hauc, 80111111111111011311. Nor.) 1111111 ’
liri. 1. 1111111 1. 61110. d. iiuri. Friedrich wilheim 1111 111111110113 111. 143—45.

11111111. 12929. 011. 13 1111111. 1 111111111111881111. 101.
30. 011101. 12932. 1111111. 1 11111111, 1111111111113111111 11111111 111. S. 153-54.
11111111. 20063. 1111111 1111111111 1111111111 1111 11111111 1111111111 1111111111 den 1111111113

0111111111 111111 d. 29.; 1011101111 011111 11 111111111111 Sejr paa vor sirim, .- 11,
30. 011. 18111111.) 1111111. 11111111311111, 111 11 0111. 11111. iiii. 225-26,

30011111. 20004. 111111101111111 1111111111 11111. 11 01111110113, 11 han 011 1111111111
0111 Schiippcnhach 11111111111111 11111011111 1111 ham, han 1111011, ai han 1111111-
11111111111111111111111113111111111131111111111.- 1111190110. iFydcir.i 11111111
u. 11111111. 01110 d. 11111. Friedrich 1111101111 111 01111110113 11111319.

31111111. 20060. 1110111111113111111 01111110113111 0111111 11111111, 1 11111111 011

Ι 01. 1. 1111111, 11 811113 1111111 111 111110111111 1111111111 111 11 vinde ‘Fid 111 cirre

1111111 mod 0111111111. -Ρ1111, 9. 011. 1111111 111113 1111111. 1 uri. 1111111111. 11111.
d. 111111111111110 111101111111 11111110113 11111619.
31. 0111111. 12934. 11111111 01111, 1 11111111, 11111111111113111111 11111111 111. 8. 151-53.
Posi 31.iicrohr. 20066. 811111111 11111011111111 111 3111111111, de 0111111111 8111111110

1 1110110111. - 00111 Datum. 11111111.1111111111111886111.1321.

1111111. ’20061 1111111. rr 81111111111 1111111111 [11111111 (1111 011111111111111 1111111111
011 11111 1111111, 1111111. 1101111111 11311 0111111 1 11131111, 13 011 0111111111 113 11111
111111113101111111111181111110111111.-111110119,11111. 1111111.) 1111131111ι11
Uri. 11111111. 1. 011111. d. 1111. 111111111111111111111111 Brundenhurg viii. 379.

1. 111111. 20068. 1111111. Ar harundinum 1111111· [ir. 1111111 Fiierrcininger 111111111-
sirucpiadscn 13 1111111111, 11 11111 11111111 11 8111111011 11111 Sici-ig. - 1111111111.

1.Νον. 1111111111.) 11111131111111111111.11111111101110.11111111111111111 wiiholm ron 1111
1111111113 iiiii. iiia-95.

 

