1136 116116 6661611111 611 1161166.

-——-- ———. --

19-1ἳξὶ0111· *13596 11166 01161611661166 8111111166 111 11. 066161 11. 16611 61 8161116, 61611

orn 0611166116 1611116 81111161, 611661616616166 616661 8116666166 661, 8161116 Interesse i, 61
11. 61 06661611 1 6161111116166 6666166106166, egem 666 1611166 0111616 161 816111 61

06616611 61 161616616, 61 Andre 61116 1111611116 1 0616161166. - 0. 19. April. 18166611
061. 61 016611. 1 0166116116, 81611166 6161. 66661 6611111 11. 16611 11. 323-26,

21. 1111116. 13599. 11- Gerr. 111. 1661611161 6666666666 11666111 11166 61 1166 11166666
6666116161 med 81161, 6116 666 1116 16161 Vere 1166 1116666, og 616116 66 Μ6161661611

1161161, 16161 666 1116 161 61 616166 1611611 1666 611 1166166. - 1666611616611, 1111.
616661. 1 1111166, 066116 61616 11 6161661166 8. 233.

111111111- *13600 Hert. 1116661116 61 06116111 6111616161 11611. 61 111661666 111 61 66-

61661166 8166 61 061 111 66 11666111 1616666661 61611661 116166166 61 11. Chr. 111. - 11666
Datum. 11166161 1161. 1 1166116661116161.6Ι 66616616-66161-1116666. 1166611666. ΙΙ, 2. 126.

25. 1111111. ’13601 016111661 616116101616661616616166 1116661 11611 61 11161166, Genera! i

11. 61 0661116116 11666616, 6161166 66666 616111161 6661 11166 81666. - 5. Μ61. 111661.)
1111616661, 11111 S. 378-81.

161111111- *13601 0611.16611666116 11161 1111161161116666116666 661 66 1666161116 1161111616
1616616 666616666 06666616166 111661111; 6666 616616 11161 161 1161661661, 666 116,

66 1666 transiret illustr. Dux 0166116661. - Parisiis, 26. April. (Latin.) 066161116161
81161. 3. 11. 111. 3381

16. Aprilis. *13603. Grev 11661 666611611611616611666 11666611601616116166161 661, 61 Genera!
Μ61166 661 616111161 81666. - 6666616666618161166, le 6661661. (11666161 villermum,
111116. 111.

111-1111111· *136011 Μ611666161 811161 11661 66661 1161666616166 616 1161616161 161 661 166,
666 1161 1161 166 0116161666 611661661 pua 666 616 111116 66661616611611611, 116 666

1666116 661 161116161 611 61 1 666 1666111616 116 16661161 616161161161. - 28, April.
1116661. 1 111111166161. 81161. 1, 364.

211111111- *13605. 06111166166111661111116166’6 81166166 111 16666666 1116616166, 111611 1166
1166661, 11111. 6106616611 66611 6166 116611666 1161 16616; 6666 1166666161 01611161 61 Martie
166 Μ666616166 66611 661116, 16111111666661666111616 61166661 1666 866616161. - 06 111
111116, ee 111. 66 May. (1166611 11661111 0116111111. 481—82.

30116111· *13606. 1161116116 Brev til 661 6161616 1611616661 1611666666 1161111616 1161.
866116666166 166 861,6611616616111666 66666 61166166 8166161. - 30. April, 11111111

061. p. 161. 1 1611161, 16116 1111116118. 10.
c. 111111. ’13601 01611611 11111166 1116116611 61 0666616616 811116166 111 666 16161116 Nuntius
1161111111, 61611 1166 66116161, 61 1166 661661161 116 1616616661 116161 1 1111616666, 6661

11. 61 06616611 66166 166661 61161 61 have 16116161 666 16161616 061611116. - uden
Datum. 1116611.) 1116611. 1 161666, 66661666. 06666. 1103.

31111· *13608. 0661 6161116 6116666661, 11161161) 1 11666 81111, 61. ss. mellem 11116166
Pevelsene 06116 61 6666 1061161161 som 111161 1 1611611666 orn 116666666 116161. —
06666166 61161 066666666166111. 611. 1 1111111111. 611111. 3. 1111136-37,

3- 11111· ’13600 116611666111161111661611161 811116166 111 (Simon Episcopius), der 1666-

6616616616116111161161616161611106616616- 13.Μ61. (1161166661). 61161666611661116111.
81611166 166166. 111666616611111,1. 55-57.

 

