11010 80100111 0111 7011011. 1585

1652.

80. 101101010103 111 den 1010110 11011011 1 111010011νο 11101 1110000000, 11111111-
01, 11 de 110110 1101101101 010 10011011111301118031101; 101130, 11101110
m 11 00011Νο01111110111 1111300 100110018031101 0311011001), 1111101 100 103
eandeynligt3 1111130 01011101 8011. 10110 81010111 11 1110010131 1101131001-

1 K. og Dr. 111 1111111111. 1811111181.) ·- 21. 11111111. 111103811111111. 1110111 81311,

0 11 1101011110 8. 111, 117.
81. K. 811. 111.“1111011111013008001011, 11 110 1111 1110 80010100 11101- 11111111-

10 00301 011011113 1111010010 113010οι0101 111 800310] 111 8101011110110. -

1111 1 11013, 8111118111. t. 8101111οΙ11 1101101-031111110 8111. 8125.

82. 1111101 1111001101030111. 81. 111. 010, 11 101 1101011001071013010111 101 16. oscor.
011111 8010 0110 0101111301 111 100 1011010 1180000100, 11001111111110.-

1. 16. December. 011. 1 1010011001. 111010. 111. 11.

183. 1101 1011101110 800101011 8100110110 8001110111 1001101οτ 1103011030οἰ 18111111·
. 011111101111111110011 01 11011103101 pao 111001111 03110130, 1111110111
18310110, 03 11 100 1010110 11011011 1 111010011νο 111 0011111 10 0100110

100 110110 80301103. -811111, 1. 28. 110011. 1808101111 11. ude 11111011,

πμ. nm. 11. 001.

184. 1100 1011101110 80110111 8100110110 8101111001 010110101 1103011030οἰ 25. 111111-
11ng Rygter 010 8101131111001 010 11 yppe 81111 1001801110103111001111.

. 4. lan. 1653. (Bollandsk.) 81. 1111. 1 11111011, 81011. 111. 8101301 11111. 111. 281.

185. lenone 1111011101011101011110 810101010 8101111 70300 1100300, 11 21111111·
ver Due en 301 8011111103. - 1801011000, 2711000111101. 11111101111113.

29, 11111111 1110111),1101111811011118111. 11. 131-31. 8110111 11010010111, 1110101101 oon· 28. 110011,

, 10100 10 801101137880.
80. 1110111 11110111101111 1111011111 8111 11. leo-eo. 28. 110011.

186. 610111111111 811110 11 medicos 10 010111Μ113110111110031 diuturno 28· 111111·
η, ... 28. Decembr. 81111011010111101011018.556-59,

187. Responsio Memnonen 10 0110 10 100110 1111311011010030. - Hasna, 11100001.
r, (ος Deobr.) Ι11111101101111111 11101101 8. ooo-62 Ι
188. 1100101110111011011011 181001101081111111001 100110101 8030110310 i 30. 01011.
{gemmet og 1111011110οε 1 8100110110 01011110110 81000103001 1110001 om at

ed 111001111. — 8111111, 1. 9. 110. 1653. 1801110111.) sv. 1111. 1 1111011, 110011. ror.

ξ39ῗ811081111111 81100111111100110011101011010 00111011, 10 quaeum rogat, ut 31. necor.

ι faciat, si quid 01111 ‘¹0 11111101ῑῦΰῦ 1111111110 inter 810001 01111001111100-
331, ..- Patavii, 11. Januar 1653. 81110110001,81110300011101111ιο11160-31Ι

16521 1652?

390, praesidenten 8101111101 1 Visby indberetter‚ 11 med 110111301εο ar
801010 03 700101101110, 101 10110 10101 0300 11 10 100111

fislfzffgsszgg''es’leraaeea¹ 11110 1110 101110 80110101 31101 113 under -ssjebenhovns

res flet.. 1810011.) ernost 1(1110111111.1.001100118111.1641-16118.9.

 

 

 

 

 

 

