1546 11111 1111111111 111 11111111.

2111111· ’18238 8111111 1111111 1111 1111111111, 11111 1111811111 1111111111, 1111111.
og hcrtugclige 811111111111 og 1111111111 11111 1111111- 111 1111111111) 1 8111111 og 11111111,
111111 11111111 111 8111111111 111111111111 1 111111811111111111111111111111111-
1111111 1111111111111111111111111 181111111111111 1111 11111. -81111111111, 241111. (111111
1111. 1 11111111, Vsu 1. 1111111111. 1. 1111111 111111111111111111. 111. 158.

’18248 111111111111811111111111111 11111111118111111, 1111ιί 1111111111 gjcn·
tages Acmodningcn 111 11111111 og Hcclugsn 1111 0111111111 11 de 111 11111111111111
11111111 111101111111111111 til flertugen om 11111111111111111 811111111111111111111
Pengc 1111111111 111111111111; 111 1111111111 1111111111Ρ1111111111111111 1111111111-
1111111; 1111111111 1111111111111111111111 111 11111111 111111111111111 1 11111111, 1111111111
111 (1111111111111111 til 111111111111111[1111111111 111. ιιι. - 8111111ιυί9, 26. Mai. 111111.)
1111. 1 1111111, Vsu. 1. 111111111111. 1. 1111111 11111111111111111. 111. 148-58.

’18241 11111111. 111111111111111 1 1111111111 11111 111 111111 111 8111111

1111111111. - 111111 11111111 1111191. 81111111 mc Copcnlcaycn, d. 30. Maji. 1111111
1111111, 1111111 1 1111111111 1111181111111111111111. S. 29-32. 1111111 01111. 1 1111111, 811111111111111111
111111 8111111111 S. 123-24.

*18242 11. 111. 11131 1111111111, 11 81111 11111311 111 1111111 8111111111
11111111111111111111 gives til 11111111 111 1111111111 81111111 1111111111 11 1111111111
have 1111 111 111111 111. - 1111111111 1111111. 81111111 111 0111111911, 1. 30. 11111.
1Τ1111ι.) 1111111, 811111 t. 1111111111 111111 Skolos 111111 11111 S. 82-33.

’18248 11. 111. 11131 cg 1111111111111111111. 11 (11111111 111111 11111 1111111111
1111111111111 11 111 pac 1111111111111111111111 1111111118111 111 ι1111111. 111111
1111 og 11 11111 1500 Dlrs. 111111. - 81111111 Goucrff, 1. 31. 11111. (111111 scm.

11 11111111.
11. 11111. 10367. 111111, 111111111111111111111811111111111111 11111. 1 1111111111 S. 445.

12. Junss· ’18241 Κ. 111. 111. 1111111111 111 11111111111111111111 111 (1111111 111111, 111111
i Crempe. - 8111111111 Copenhaqen, (12. Iunii). ’1111111111111111111 d. 1111111111. 1. schim.-
111111.·1.111111. 1111111. 111, 1111111. 8 60.

11111111. ’182411 1111111111 1 1111181111 1111811111111111111111 111. (1111111 1111111111.
’1111111111 og Biskoppen Dr. 111111Μ111111 cm 1111111111 hos 11111111, 11 11 1111111111
111 111 1111111111 11111111, 111 111111 skal 1111111 111 81111111 Dags 11111, 111
(111111 11 [11111111 11111111, Vsjcncs chkvemmelighed og Julcns Naerhed. - mcc, d·
21. 11111. 1111111111. sanc. 11. 111-11.

13 11111. 10374. 1111.1ιι1111111.1811111111, Hannibal 8111111111 1 149-51.

1111111. *1824s 1)1.(1.11.Β1111111111, episcopus, concedit Μ. Corvino, rectori 1111111
811111111111, 11 qui tertianis 1111111 1111111111 11 classem 1111111111 evehatur, 111111111111
Chilicni 1. succedat. — Hasm'oe‚ 23. lunii. 11111.1111111.3.11.11.178.

111111. 10381. 1111, 1111111111. 1111.

1111111. ‘lscss Rsskript 1111111 1 11. 11 1111111111 Ν111 11 11111111111111111111
1111111111 11111111 11111111111 111111111111 11111111 11 mods 1111111111 111 11 11·

gigne 11111( 1111111111, 11111· 1111 1111111. Μ1111. 11111311, 1. 30. 111111. 1111111 “
111. 11 11111.

11111, ’18248 81111111111 1111111 111 1111111111 1111111, (11111 111111111111111111111,
11 han skal 11111111111111 811111 11 11111 1111111111 111111 111111111111111 111 1111111111.

 

