11010 1111011101 011 1011011. 1175

K. 111111 X. 000111 01111010101111301001101101110111181111010 1 010000 18·l ξῗξῐ

Bflnau ot 11111101 1 1300. - 100111011111310, 181101111. (13011.)
80010110100110011111811 s. 126.

0111100111 1110001 110 011 011101. 01010110οι0 te 0111001 11. 81110 2011113. 8101-01. 20, Febr,

Oberst 1111111101 1010118011 010111111111011111111310 11111 001 Los- 101111.

est, 1001 010 000111110100110111 01113110 1111100310 10131110 11011-
01013110110 111 10 8100111 03 00111001 113 pau 0111 0100010011 1111-

=., 20. 101). 1110111 81011. 1. 38-81.

5111111110 111 1110111100 01111111 111 10 0010101 110011 1111110οῑ 1 13011- 2011111.

'erige 0100310301183·1011100; 011110100011110 03 111000113 00111 113,

1 sarlig 111110010, 01101003301011111. — 1111011113, 201101. 113101.)
·k. u. Αο10011. 1. 01100. 1. 11011. 1111111100 1111110101 100 111101100013 1111. 818-74.

K. 1111111 11000111 3301 1 101110103 11 0001101000 11 10 1011011303 201111.
1111 visse 1011110010103011 110 0101100101 112. 1101. 101 0100 00010111-
111001101111010 1101101101. - 11130 31 81111011, 1. 20. Febr. 1810011.)
rius 1168148.

Κ. 11111110. 001111001110101011113110010111011101011810011001001010 2011111.
1 11103000 18111010 03101100100011111.1100013101111111000111.-
m. 1Τ3001.) 011. 1111101111111110 0101111100111111011111811 8. 126.

Κ. 1111111. 001111001110101111113110101010111111011 81111010 1 010011, 11 00 20. Febr.
03 8111111111 1 131110110013001110 1111110101 110110 10101110 1111111 00110. -
lar. (Tydsk.) 1101. 1 11111111111111100011110011110011111811 8. 126.

Den 0011100010 01101101οο1 1111 1110111011 0100011111 000111111110101, 11 2011111,
0101 0111101 01 131101 11001 0111110000110101111111, 1110100001101-
ws Maegling 1111000100 110110110101. -01313001113111, 2. Mam, (1101.
, van 0010111111. 00000000101101110015. 811112011113. S. 101-08.
, Κ. 11111111. 0110111 11011101 103111οο001 11 0000110111 000011101110101 010 21. 1111.
100 03 10101100 0001 011111110011301111111 ι101311011111011111.,..
ebt. (Svensk.) 011.031111111. 111111,11111.1.1110101.010811113010000111100-

00011 111111 11. 0111118. 81.
. 100001010103 111 110 10110110 0011011 i anbenhavn 0111 1111011100 21. 1111.
Manae, paa 0111100 0101011110 11113 0100 810113 101010100 1111; 010 havde

til 11 1011 000 01110110 11101 111 11110110, 111001101111101 00101 pan, at

1 11100 1 811100, 11101 de 111100 01111 000101, 1011101130101110100 111001
,, 3, Mans, (Spansk.) 0111311101113.111011101311,01111110111101111111101-

000, 110-11.
5. K. 11111 Χ. 00111111 81110101010101 101 01011 8101000000 10101100, 111111 22. Febr.
yon. - 11111311-01011101103, d. 22. Febr. 1130011.) 11. Ρ. 1111110311 03111101.

3111 11101111 S. 219-81.

1. 0101 8010111111οΗ 0111111111 11011. 1101100100013,1111110101030011 211111.

1110010111 111 1011 111 10 1101101003 1111- 1111001, 22.1001. (130111

11111, u. 1010011. 1. 011011. 1. 11111. 1111111110 1111011011οο 111100000113 11111240,

8. 11111111 1111111111 010000101 11111. 11 81101000013, at 010 1100010030 221111,
{and er, 110111311110 11110 0000101 11 113311 11 0010111101301110110103,

 

