1394 · 116116 (1111611111 nnn 11111161.

1643.

661661 11 611611166161 til Revisinn 6111166161111161. -861161166116111 6. 5. 11111.
(Tydsk.) 816111. 611616161.

61611· ’16511 1161 1616611136 1161116113 6161 1161661166 811116166 111 661 1616111131
8136161666 Krane, hvori han 116666161 66116, 1116611. 61 [16111611 111131 1616116161111
ham. — Hamburq, d. 16. 111111 (for Iunii). (Tydsk.) 6111161,11661ρ11111116116 11166611-61111111
l. 303-04.

7. 11111. 8869. 616111. 11 1616161.

7· '¹¹¹¹st ’16586 1166 1616611136 Β6111161163113666 11111111 116666161116166161, 61161111
1111161 K. 61 1161116116 1116616113 111. 16136111611 1 0616611111 631 16161113 med 1111
61161661 pan de 6161616 Troppers 1111616611. - 0116611161, 6. 17. 11111. (nnn.)
6111161,161111111611611166616·61111161 Ι. 305-06.

74111· ’16581 1161 1616611136 861616116363666 11111116 811116166 111 661 161661113611-
6616113616111161611613, 11611 161 3116661 613 6161 ’1116166616161661 61 K. 61 1161111111
6666161 16136111611 1 0616111161, 63 6161, nt 63661 66116 1161 16161 Ι111616 111 den

6166616 1161116616 611116161131166 111 1111611611. - 0111611661, 6. 17. 11111. 1116111
6111161, 16111111166116 11166616-111611161 l. 306-07.

7» 111111· 116582. 161. v. 1161111661 1166611161 111111. 11666111 Wilhelm 61 61616611113, 11
661 116161161666 36111161161161 11611611 11. 11 111116111 6316161 ikke vil finde 8166.-
1611111111,1.1111. (Tydsk.) 1111111616161.1.661611.6.11611.11166116111111161111111116611111
1. 118-31.

861111· *16583. 111. 6111111116 Μ111116 11161 111 616161 61 Ν66666116, 111611 111111
161 161 66 3666 6161161116361, han har 111631 116 116111111, 661661 ham 1116661111
11611113 63 111136611161166661 16131616. - Ν616611, 18 juin. (Fransk.) 1111611116
111116 66 111166, 1161166’1131616116 S. 494—95.

16111111. *16584. Κ. 1111111. 16116111. Chr. 1116116161661136166 611611166161,161 Ἴ
han 66166113161 med nye‚ 161661616136 1161111161. -061616,1011116. 1161111 11111 ’
nnn. Ι 1161111116 1161611 S. 54.

1611111. *16585. 1161 1616611136 1116616113 6161 1611616166 6111161611 111 661 1616611131
Βθ1111611163113666 1 0616111161 Krane, 111611 1116 61111161, 61 661 6161616 16616611 611

11631611 med 6116166 6161 1616 31611611 116111611111111116161. - 1161111619, 6. 25. 111111
(Tydsk.) 6111161, 16111111116116 11166666-116111161 1. 1111-42.

16. 111611. *16586 11611616611136 66111161163113666 11111116 511116166 11116166161,111611111
116666161, 61661 6616161166161131613611611 61 16161 116 0616611161 16 11636 161 1111
66111616161161616611116136, 661 61 1611616116, 111 166 11661661661 61 6111116111
1611166 661 6161616 16361113 111 61 116116 611 (16111661 11111636 116 0616111111. -
muster, d. 26. Jnnji. (Tydsk.) 11111661,1611111111611611166616-611111611.316-52,

16611111· ’16581 1161 1616611136 661116116363666 11111111 116666161 661 161661113611661611
61611611616116, 61 11161161 han 61161 K. 611161116116 11666 [6136111611 have 11116
1161636 661 6161616 66111661106161111161 1111111616611. - 1111111161, 62616111. 1116111
61111161,1161111111166116 11166616-61111161 l. 343-46.

20. 111111- *16588 6161611111 110611111616 8111111166 111 661 1616611136 861616116311111
Krane, 111611 han 61111161, 61 11666[11661666116116161161616661611161616 6611611111

’63 11616 snm 1161161. - Coun, 6. 30. 111111. (11661.) 6111161,11611111111616111116·
61111161 1. 358-59.

 

