1166 11666 1166161116 666 116666.

.--—--.—— --m -———--.-.-.....- ——--—-- ---.—-—- - ——.-— - ιι...

23111611· ’13838 11666116 661166 8161 1111166166, 111611 1166 1611616616 16166166
gode 1111111166 63 161616131616 6131116 16161 redde dem 61 66166 1111163661 63 Ν66. —-
11611616, 22. 116111. nrum. 1 116166, 111 6111 pua 66166 6. 66.

11111611· ’13833Ι 811 11161116 8666 8161 111 Dr. Elisabeth 6186116166, 111611 han 1116.

1161616161 666 3666 16161666166 16611616 11. 61816113 63 1166166111. - 2811161611. 1116361611
1 816661. 1116161661, 1611616 16161. 16 the 61161166 61 811 Thomas 116616 66116166 16616666 1629-30 S. 5.
24· Mflsffl· 6984. 11661 01616. 1 816636, 866661611611111111. 11. durch 86116361 11. 380.

24· Mami. ’13831 116111116616111 611116616666 811116166 111616166116116, 111611 han 111131
6111616161 ham til 611166611666 66 16166613 8666161166 616 61 give 11. 610661661111666

16666 11111636 6666 Ρ66366161616163.- 1111111611, 3. April. 1136611 661666613111666361166
6. 11611116 116 11611166 Ι. 81161611616616166 8. 111-18.

25. marm. ’138311 1161161136 86161163 1111161161 6311616666161 16611]61166116166 1161-
16161161 661 666 11616161131 61 66136 161, 61 66 666 61666 611111366 6161661666 816666161

1161111666111116 666611161616 61 [1611616116161. -81111111161611116116, 25. Μ61111. 6166161113.
26, Manu. ⁵. R· ΙΙ 14113336. 6661611 11. 16611111 16316 66 66666166 communitatis Stralzundensis

11116116, 16 quibus dicit, se 16 116616 opera ministrorum suorum 166 eorum promovere

non desiturum esse. — Stocltkolmioe, die xxvi. Martii. 6666166611,1)661166166116 861616166366
11. -19,
27. 1161111. 347 6985. 816111. 6111616166. 11 1161101616. 16. 81. 11666611. 1639.)

26111611. ’13831 11611.11.61666161111616666 811116166 111 6161 collalto, 111611 han 111131
111166661 11116363116166 111 11. 61 66616611 61 66 16366 16666 66616366 811116166 6666
Ρ66366161616163; 11161 ’11111 61 61161 616 1161166 016161 66116166 6111661613 111 8166. -
1111111611, 8.Aprill. (Tydsk.) 6616616111,111611636116661661161611166166 Ι. 81161611616616166 8113.

1111116. ’18838 811 8111111616 6111111111 6111161111Μ.1]616661161, 61 11116 man 116166
16636111 8616616166, kunde 6166 666611 116166 8366 181666116Μ6666661, 111666 11111166

'l'id den nok 111116 111116 11611161. -- Stude. {Engelsk.) 816611111161. 1111611661. Commio. 1116
111. 618111 6611661 1. 381.

mrno. ’13839Ι 111. 8661161661 6161666661 811 111616 Nr. ’13838 63 616666161 66
1111611616163116Ν111611613 661, 61 [16166166 661661661161116166 6631 111 161611611136 666616
1661616666, 61 1166166111 11166116 86661 1661113 1111611 6111.1]111.111.’61 1161666166 1111161661

11611 V. - (Stude), uden Datum og 1161. 1116116111 1161686318161.1166666606616116. 1116
111. 61 11611 eowper 1. 381.

1. 11111111. ’13810Ι 116666161166111 66 6616161616 1116111116 epistola, in quaeum rogat, 61
Stephano 1611666168166116616, 66 Andreas 8666166 8616661666 rector universitatis Parisi-
66616 61166 666616 1193166111, quaerenti 61661, 66116111 6666661116 tabulis tam 16631 1616-
poris monumenta, 6661 quidem 6616 166611 possint, reperiri, et illius 11161616 nullam
memoriam esse. - 14. Aprilis. 11636616 616111 Epistola 1681 S. 817.

6. 66616. ’13811 1166 6166616 1661661666 1611111 811666 6611616161 111 1166616166 11161
0166666166 616 111611 66661 6101111616 1 111636, 111666 11161 8611166666, 6166 11666111 111

6631616161,6666611166161611111666666.- 111636, d. 5. 16111, 18166611 1116661. og 6111
6166116161, 81611366 6111. 6666166116111. 116611 V. 1281.

9. 6611111. ’13848 11611. 1166116111 611116616666 811116166 1116161 (36116116, 111611 1166 6616161
11661161 616, 61 1161661116 111 16136 hans, (1161111116 63 66166 86666163616666 Raad med

116663611181666616161636661661616616111.-11611166,18161111. 11311611.) 66166166131116
1163661116 6. 11611116 161 11611166 1. 811616 1161166166 S. 114-15,

 

