1659.
16. 11111.

17. lunii.

1732 Korra 1111111111 111 11111.

20341. Dr Wrrrs Brev 111 01111, 111111 111311 1111111 111111 1111311 011111
mod Frodsluining. - 26. luni. ffloiiandsk.l Udi. 1. 1111111 i 1111111-11111111, 111111111111211

20342. 11111. 1131111111111 111111 Dr. 11 Ρ1111 Nyheder 111 1111311111-
1111111111. 1. 11 1111111311 111111 11111111111111311 111 811111 311 11 111, 11 ii.-
1111111111 11111111111113111 113 111 11 111111 11311 8111111111. - Au camp 1111111

11111111 de Ferme, 17. luni. (Fiansk.) 1111111111.ι.111111.1.11111.1111111111111111111
1111111113 viii. 310-11.

20343. 1111111. 11111111 11111111 11111. 1111111111113, 111111311111111111
1111111111 13 111111111111111111 11111111, 13 11 11 Wiii 111 11111111111 (1111111-
1111111111111111113 11 111 111 1111113111 11111111111 111111 11111111 13 11131111

113111111111111111101111111 1111111111. - 1111211111. 111111.) 1111131111
i 1111. 1. 1111111. 1. 11111. 1. Furi. Friedrich wilhelm 111 11111111113111. 234.

20344. 811111111 111 1101111111 111 1111111111, 81111111 111 111 1111111111-
11111111 (111111111111111, 11111111311 1111111111, 11 11111, 11111111 11 11111111 311311
111311111, 113 1131 11 1111113111111 111111111133111. 1111111111 13 31111 Κ. 11
811113, 1111111 111111, 11 11 11311111111111111111, 111 111111 111111 111 01111111,

111111111111111111111111. - 11111111, 1. 2111111 111. iiioiiandsi.) 11111111 111 111
histor. 11111111111111111111111. 8111121. 11113. S. 160-63.

13362. 1111111. 11111. u. Aniensi. 1. (11111. 1. 11111. Friedrich 1111111111 111 brandanburg 111211.

20345. Dr: Wrrrs 11111 11101111, 1111111111 111311 1111 111 1111111 1111311 011111
mod. Fredsluining. — 30. Juni. (1111111111.) 011. p. 1111111 1 1111111-11111111, 1111 11 1111112511

20346. 11111111 111111 11 11111111 1111111116111111111111111, at, 1111111111
1111111111111111331 stille, 1111118111111311111131 111 io 1111111111 81111, 111111
111 111 111 11111111111111131111; 111 111111, 11 11111111111111111 ikke 11111111
iorlaenget. - 1111 11111111 skip, i'Hur'jr 11 8111111111, 1111 11111111 1133111111 bij 1111 111111111τῆ111,

den 11111111] lunii. (1101111111.) 11111111 111 111 histor. (1111111111 1111111111 281111 1. 11113.
S. 81-82.

20341. 11111111111111111111 11111111 (11111111111111111, 111111111111111111
111 11 811111111 111111, 111111 11 11111 11111111 have 311111131 111 11 1111111111
81111, 111111111 111 1111111111 1111111 1111111 111 111111 111 en 011111111111111

. 111 11311111 11111111 1111111131 11 11 11111111 11331 8111111 81111. -— In 1111 11111

1111111111 bij 1111111, 11111 30. iunii. (1111111111 11111111 111 hei 1111111.111111111111
11111111 2. 811111. 11113. S. sii-84.

20348. 0111111111113111(1111111111111111111 13 Cures Μ111111 1111111111.
11111111, 11111 11 111111111111111111Μ111111111111 111111111111 11 21. maj, 1111111
1113311111.118111131111111311 1111 1111111111, 13 111111 131 instrum sos Ad.

mii'al Opdaiii. - i. Juii. (Tydei.) 1111111111 1111111 1. (111111. 1. Furi. Friedrich wilhelmum
3111111113 111. 231.

20349. 111111111111111111113111 111 11. 111113 xiv., 11111 111 11111311, 11
111 111 1111111111111111131111 1 1111311111111131 11111311 111 1111 11111111, 131111
beiymret 113 11 11 11111111111111111 13 ,1111111 1111 111111111111131 1311111111·

eredes. - Fano, 22111111. (1111111 011,1.1111111.1.111111. 11111111111111111111111111111
1111111113 ΙΙ. ‘iol—02.

 

