1790 11111 1111111111 111 Τ11111.

——---—-—-.——— ——-—-——-—--—-—-————— — ,

e. lgfflbr. 20995. 1111111111 11 111111111113111, 11111111 1111 81111111 1111111 111111-

1111111311 111 111111113111113 1111111111 111 1111311 1111111311 1111111, 11311111 11111-
11111, 11 1111311 1111111111 11111 111 11 111111111111113ι.--111111111111. 1111 13111111
111111. 1111111. 1. 11. 111. 186.

11111111. 20996. 11. Fe. HL's aabne 11111, 1111 1111111111 111311 81111111 1111111111111
11111 11131111 111 1111, 11111111111 13 11131 1111113111, 111 1111311 1111 1111111111111-
geringsform. ·- 16. Novhr. 011. 13 1111111 1 1111111, 1111111111 1111111111 1 111111111 S. 12-13.

11111111. ’20991 1111111131 1111111113 111 111311111111, 11 1111111111113 1111111131-
ringens 1111111111 skal lade 1111111111 181111111113111, 11111 111 ber 1111111111 1111111
1111111111 111311113111111111111. - 116. November.) 1111. 1 1111311111, 1111111111 11111111-
111111 1111111111 S. 165.

11111111. 20998. 8111111111111111111111Μ11111111 111 111311 1 11111113, 111111 1111 11111-
11111 1111111 curt 8111111111 11111 111111111111 11 111 11111111111 8111 11111· 111111111
111 81111 11111111 1111111 2411131 11113111, 111 1111111111111111 11111111 111-1111111,
11 26.Νο111111111 Ν. S. (1111111111 111111. 011181111111 11111118. 1169. 111111 01111. 8111111. 8. 91-92

17. ambr, 20999. 1311111113 1111111 11 1111111111 11111111 11111, 11111 oo 011111111111
11111111 11 11111111 811111, 11111111 11 11111111 11. 8111131 11111111111113 131111

1111311 111 11111 111111 1111311 111-1111111111, 1111111111111. 1111111, 1111111111111-
1111111 1 11111111 S. 166.

1111111111. 21000. 1111111111, 81311111111 (1111111111, 11113111111311 111 en Hjelp
1111111111 111111181111,111111111 13 1111111111 ikke skal 1111111111 af 1111311111,
11 1111111 1111111111 dem 111. - 11111 Datum. 111 11111111. 11111. v. 124—25. 111. 11. 111.
1111 1111111111 8111 111111 1111113111 111 1111111113.) ,

13 ΝΟΜ, 14279. 11113111, 0111111111 VJ· 111111111 S. 108-09. 1111. 1 1111311111, 1111111 111 81111111111111
1111111111 S. 161-68. 1111111. 1 111111, 1111111111 11111111111 01111111 S. 39.

11111111. '21001. 11111111311111111. 111 11111111111111, 113111111111111 13 1111111111

m. m. - 1111118111 1110111111, 1. 18. Νο11111111. 81111111111111111. 1111111111111,1111111111
1111111111 1 01111111 S. 45.

1111111. 21002. 1111113 11131111111 1113111111111111111111111111 me 1111111 81111111

111 11111113111111111111111131111111111. - 119. November.) 1111. 1 1111311111,1111111111
· 811111111111111111111111 8. 168-69. 1111. 111111111311111111118111111. 8. les-67.

19. Nm„ '21003. 11111 1111111111 1111111111, 813111111111111313Τ11111131, heder 1111311
om 111111111 1111111 111 111111111131111111 11111Τ11) 11111 1111311 11 11111 111 (1111111

1111 1111113 1111 13 1111 111 113, 11111111311111. - 1110111111, 1. 19. Novembris. 111
1111111111. 81111. V. 126-21.

19, Now„ *21004. 11111111111111 811111111 111 011111111111111 11111 11113, 1 11111111 111
11111311 sig 1111, 11 Μ1311111111 1 11111111 1111 11111111111111131 11 ny 111311111111311

(11111111 1111111111111 Bo, 13 1111111113 11 ny 131. 31111113 111113111111. - ”ln-
Udt. 1 8111111, 1111111. 111 81113111 8111111112.

11111111. 21005. 11111111 11111111 81111, 8131111111 111111131113, 11131111111131113
1111111311 111, 11 11 111 1111111, 1111 11118111111 11111111111111 11111181131111

11111311 1311311111, 1111 111111111111111111111111 eom Snaphaner. — 11ηαεηρῡοῳ,1
20. Νο11111111. 11111111111. 81111. V. 331.

 

