11111 0111111111 111 emens, 1499

104. 011111 111-’1111111111 81111111 111 11 1111111 011111111111111111, 11111 Ἁιξέιὶὶῐ-

11 dem, 11 man 111 111111111 11 1131111111111111111111, 1111111111-
1. 1101111111, 13 11 sorny 1111111111 med denne 11111111111111 11 drage

1111111111- 1111111ωὸ1111,1130811111111. 11111111.) 1111111111111111111
³555V¹K³1 50111ιῖ lV.'s ’13 Hert. 11111111 111. 11 01111111 11111 1111, 1111111 11, septbr.

111 11 111111111111311 11111111 11 1111113 111 1111111111111111 111 d.

1 11111. - Sortem Gottorff, d. 21. September. 11111111 11111. et 1111111.

06. 11111111 01111111 1111111111 81111111 111111111 1111111 Ρ1111 1111111111) 21. ³011&-
ι 11 011 Praester 1111 111111111111111113111111311111131111113 111 0111-

3 heder 1111 om 11 1111111131 111111111111,11311111 11 1111111111 ittonneby

11. -· Kiabenlraem d. 21. sept. 8111131111111111111111181111114.

07. 8111111111 111 11 11111110111111111 1Μ11111111 1111111111 111111111, 11, septbr.
1111, 11 11 8111111 1111111111 1111111111, eom de 1111 1111 1 11111111, 111
- muster, 11 l. octobre. tFranek.) 0111111,01111111111111111111-01111113

08. 1111111 1111111111 11131 811111111 111 sine 1111111111 1 0111111111, 11111 11, Septen
1111 ikke 11 311 111 111 01111111311111 11111 11111111111111131113, men

113 111 11 tege 1111131111111111111111111. -111111, 1. 5. Octobr. (11111.)

11111111 1111111111-01111111111. 310-81.

09. 811111111 111 11 1111111111 0111111111 1 1111111111 111 1111111111, 11111 11, septbr.
t 111 1111111111 111111111111 111 1111111131, om 1111 1113111113 kunde 1111-
111111111111111111.1101111111, 13 11 11 111111 1111 111111, 11 811113

11111 113 1 denne 11131113. -011111111111, 1. 5. Octobr. 1111111 cremer,
11111111·01111111 Vt. ’111-19.

10. 1111111111111, 1111111131111. 111 1111311111, 1111111111 11 1181111111 26. septbr.
111131 1131111111 11111 1111111111. - 1113111111, 26. September. 11111

[εἶθ. 8111111111 111 11 1111111111 (1111111111 1 Μ1111111 111 1111111111, 11111 11 21811111·

111 111 11110111110111111111111111111 111011111111111111 111311 missor.

111 1111111 Fred 13 med det 111311111111, 111 111 111 11 113111111111111-
11111111,1.6.011001. (Tydsk.) 0111111, 1111111111111 1111111133ῃμιηῃ 333-92¹

,2. 11. 1111111 XtV. 11 1111111131 1111111 111 1111 1111111111 1 Μ1111111, 1111111,
11 111111111 1111111 [1111111311 1111111111- 111ηωί111111, te 7, octobre,

tner, Weetphr'rltrehe 11111111-0111111111.104-11,

3. 011111 11 Β11111118111111111111111111110111111111Μ111111,11111 11. 111111.
11 1111111111 1111111 11111111311101111111 11111 111111111113111, atter

11 11111 11 1111110111111111111111111131113. -1111111111111111,11 1. 01-

k.) 0111111, Weetphtlleche 11111111-0111111111. 399-404,

4. 11. 0111. 111. 111111311 111311111111 1111111113 111 ’1111111111311111 af 19. septbr.
111 11111113. - 0. 2081111111. 1111311111.11.·11111.1.1371-16. ’

5. Kejser reuertere 11le Strivelse 111 11111. 11 8111111, 111111 11111111 11111111,
111 11 1111131111 11 01111111311111111 11111 1113111113 11111 8111131 1111

1. - Lt'rtlz, d. 9. Octobr. (Tydslt.) 0111111,1111111111111111111111-01111113

 

