00110 0111011101 010 111011.

’19980 0001. 11001001110000 81111οΙ10 111 00 110 1000101311000110301,1100

100 0011000101 0010 010 1001001101 1 0011100. - cotio o. 811100, 1. sept. 11111111
001. i 000101, 00111. 1. 010001010. 0110010100131. 170.

’19990 Professor 1001111 Beros 00310003 111 110100101 03 consistorium, 01
1100 801011001 pro Bibliotheca 1001 11110 hem udbeieii. - Hosoioe, 8. Sepi. 1111111111 soei
3. 0. 1. sii-io.

3331111, ’19991 0. 0110. Χ. 1100111 1010101 01011113110011010110111011 8111010001111101,
1100 1 1111000 001110100 000310 010110 000000 100100, 03 01 0030000100 1110001111-
0000031110001111101011010101000.- 0011111101, 8. September. 111001.) 1101111111ὼο
110 00010110001010111111811 S. 1110.

9. oeprhr. ¹19992. 010101 iones 00101101011000 100111101000101 0110 810011001, 0000101-
301010011 810000, 010 1100011011οη 1100101010101110 11111010 111 0130 03 010 001111-

110001 poa 0001010101οε 8101. - Hammonios, 0110110010. 1810011.) 1110101000·
1101111111 81100111110111 1870 8. 11.
10101111. *19993. 0111. iii.’s 0010111103 01 11110 01010110 001100001100110100 10011100,

001 00010 01 1130 11000010 0010 0110111101, 00 101, 8100010100 1001110 1111010 0001. -
Coponium, 11. 10. Septembris. 11111111.) 80111. 110010100.

10. 111111. ’19991 000 11000001013010 0000001 1 0031000 100111 Serimon moddeier
0011110100 111, 01 000 00301010 00301103 000001 0. 01810113 20 811110 11101011.-

Lenaee 10. Sepibr. 1111111.) 0100111011. 01010011. 0001011. 0. 0011. Friedrich 0010110101
01100001013 vii. 798-99.
10101111. *19990 Er 01101110 00010110 111 0011. 01 111000001013, 11010 001 1010100011

1010031130 013 011010100, 101000 00110000100 1030 000, 03 0101101 herpes 1000 013 ui· ἵ

00100111 1113010 10011111-0000101 03 01010 00 11011 11011 8001031. - 1). 10. 8001010101. ¹

(Tydslii 111111001010110100300111.143-48. y
1101101. ’19990 0101 0111100000 811110110 111 001101111000001013, 11011 100 101001 ⁵
010001 111 01 11000 101001111000010, 1110100 00 110 1110 10001 113 bruge mod [uf.
iyrsieo, 0100 moden 110100100 00100101, 0. 0100010011. - Hoopiquartm ω, [mm ,

11.11113.(10181111111.1 iTydeii 00103010011.1011.0.1010011.10010100.101111110001011- Ῑ

11101 100 01100001013 iiiii. sos-56.
11801111. ’19090 Professor 11101110 Beros 0111101103 101001100100 ai 11001 80101100 101

Bibliotheca publiea. — Hosnioe, 0. 12. Septemb. 11111111111011111. v. 276.
12. septbr. *19998. 01.Αο 1011110 811110110 11100110101000001013, 11011 oi. 0. 0101101

111310111011100101001011010011100,01011111101100310001113.- 2230111111, 11110111 ’
011. 0. 1011011. 1. (10101. d. 1011. 01100110101110101100 01100001013 viii. 292-93,

13. sepior. *19999. 0. Fr. iii. iormener iioi'oeiJ'eniens 111 10010 001101101131100 111 001
1131130 0001, 0010110110οῑ 0001. - (D. 13. September). messiomore. 11139141

11. 101111. *20000 001001 1000010 010000101 0011. 0101000001013, 01 nogia nordiyrisir
0110101 1010 103101 113 100 01 100 000 10100000 0100111011) 0100 ii. 11810113; domii
111 1000111100 111 011 01011110 poe 00010111 100 010 01113 01011000 01110000 med 00311

1110010 1111101. - 01110, 21801111. 111001.) 00103110111011.01010011110111
0011. 0110011011 Wiihoim 100 011001010131111.377-18.

11. sepior. 12831. 00, 001 on 011 0003010 0111 oratorio 10110. 10010 ι. ome, 1, rur. 00111
01110101 100 011000010130111. 589. 001. 1 1110101, 111101. 1. 01000101 0. 111100101111013 Ι. iiio. 0101
monstier, 01 01110101001110101111 31. 8111.

li. sepior. *20001. 0. Fre. iii. 00001101101 0011. 0101000001013 010 0100110130 1110 0111
1000011010 001 0110030 0010100100 011101010101100 03 0000000000100 010111000010

 

