113113 1113331131 3311 Τ33311. 1755

——U-*n-

20588. 01313 3131 1133133333, 031 313113 3110313133 31 11131133311113133. - 11111.
11. V. ilo-12.

20589. 03331313313133133 G. 0. 8131133313 130031313133111 11.1311110331111313
113133113130303, 1111111133 01. 3. 133003133, 31 (13303 1133331133οε 31 0331330131
13333 3111013 33 031 10313333111131 313 33 031 1131113133303 111 313 3333 31313

131 1133 031113303133131111330131011113330. - 18133311 11313311, 3313113313 31-
3 31133131330311111333 0111311311 313. 10133133 11. 68-05.

20590. (1333113131 11313333 811113133 111 3Μ3331331031033333331 3100003311
1 313313331, 31 1133 1 8131313333 31 November 1311133 13103111133311310331 111
af 8. Novhr. — (Fransim 163131131 de constantin 11313331 S. 191-90.

1660· 1660.

80591. Heri. 0331311111 133333313103113133811113133111 Ι1.1·’1.111., 1113111133 11311333.
n om 31 331333 313 hans 13303 331310133 0313 Τ1131 31 11013 833 33113331. -

1111311 0111031. 1 1131133, 1311. d. 8130330311. 0. 1131310311313111113111111. i. 181.

00592. (13111313130133333313003131131,31033 1303313013313 033 0331131313 1- innunt.
0133133 11311131 0313, 0111133 831031 8133313133 33 0111133 81303 03 033313

3131311113 11131113131, 33 13113331, 313133 1113 3133113 113 1113010313, 3133 1111303113

03, 31 33 03331 0333301031133 1 0313, 01311133 033 1131313 113333 hini 3131303,

1133 1133313 111 8130. - 0. 11. 133331. 311113111133313311, 3331333333311333311.

1059811111. 111.’3 811113133 111031 31133313 813131330, 10111133 033 131331331, 01131111.

31813031 131 03 013131313331, 031 3111031 033313 030313331131, 3131031313 33

13111 1111333 11130 0311 131133 113303, 813113. - 2. ianuar. 113113.) 311333 333131.

11 0313310133 03 1130311303 8. 858.

10594. 11331.111011311331133333 8333131133 111 313 11333301 1 1130330313 1. 0. 010001-

ni 03331311 31· 031 313113 33 83131311130; 03 111131303 0313 1333131311301330

1333 313 3131 03331311 33 11311330 330 33113301. -63113 3. Sp„ 3. 133. 1110311

3. 1313311. 1. (133311. 0. 1311. 11130113011111113131133 111330330313 11111690-31,

10595. 11. 111111. X. 0331113013113311133 111 8131133 111333 81133031, 111311 11331- 4. ianuar.

3333133 111 1111333 3130 03313311 33 83113031 3133131311. — (1111130313, 11. 4. ia.

ivensk.) 8131133310003131311333111031101130333-0131313110111011-11

10596. 033 013303303133113 0333301· 1 1130330313 13. Μ11111111 31111131 111 1.1.33311
,31 11. 31 0331113111 33331311133113 81303131033011333133· 1 13330133; 3133 331

ne 31 33313333331333131131111313313 133113 iores 111 1313133111, maugier 033

nden Side 03811113110011101101010010001-4.1311.11111811.) 011. 31313311.
11311 Friedrich wilheim 133 013303303131111,6111
10597. 01111113 1033131111 313003131 11311. 31 111330330313, 31 113133 111313 med 03 41131131.

313113 0313 03 1313331 31 03311113 03 Wiii 33 31131133303311113111113131,

„aaron [13331 011131 130331, 33 31 Pr. Wiiheim 0111318131031031.-01333,111311.

(133311. 0 11311111131111311111111313113301330330313111.084-86,

’.0598 8131333113131133 113311113311311333 1111131133 111 8131133 111333 8133031,3,1ιῃῃῃ
1313133 11333331 1311111 011333113333333133133111 1363- -313133311, r.. r

(Svensk) 31331331 110031113113 330 10313 111130333- -013131311 111. 110- 001.

011. 3. 1313331. Ι

 

