 

1658.
1. 1111111.

1. 1111111.

1. 1111111.

1. 1111111.

l. 1111111.

l. 1111111.

1. 111111.

1. latui.

2. 1111111.

1678 Kone 1111111111 111 1111111.

’19138 11. 81. 11131 Μ111111 111 11111111 1111111111 og christon 8111111111-

111111111111 111 11 1111111 11. 11811111 111 81111111111111.-11.Μ1111.1 1111111111
2 ¹¹· Vl· QZ. 11. Fu. 1!1.'s 81111111 111 1111 11111 og 011 Tou om 11 1111118111111

11111 8111111111 111 8111111111. - 11. Mans.) 1111111111111111. 11. 111.

’19140 11. 111. 11131 81111113 111 1111· 11111, 11 han 1111 111111 111111 1111111111·
ment 111 8111 111 8111111111, 111 111111 1111111 1111111 111 11111 Μ111 111 11. 11
811111 1 111111111111111. - 1. Μ1111. 1111,1111111111.19.

’19141 11. 811. 111.’1 11111111 111 81111. 1111111 111 (11111111111111, 1111111111
handle med Borgerne om 11111111 111 1111111111 1111111111 1111111111, 111 111111111-
1111 ham 111 111111111111111. - 11. 11111111 11111111111111.1.11.11.101.

’19142 11. 81. 11131 Μ111111 111 1111111111 Ρ1111 1111111111 11 11 8111111111,
111 111111 111111 111 8111111111111. - 11. 111111.) 1111111111111111 11. 11. 1101.

’19111 11. 11111. 11. 0111111 11111111 01111111111111111111111 81111111 011111
1111111111 11 11111118111111111, 1111111 11111111 1111111111 1111111111· 111111. -
1111191111, l. Marte. 11111111.) 11111 11111111111111 81111111111111111111811 8. 121.

11491. 11111. 1 sm. 1111111111 1 11111111 111-1111 s. 11, 111. 1. 1111. 1 von 11111
¹882 M 3¹91'9'144. 11. 81. 11131 1111111 111 Fru 1111111111, 11 1111 Ρι11111-, 111111- og

Bandervogne i Kronborg 111 1. 3. 1111111111 11111111111111111111111 811111111111
8111, og 11 1111111111 1111111 111 81111111. - 2. 1111111. 111. 1111111111. 1. 11. 11. 111.

’19141 1111111111. (1111111111111011111111111111111111118111111 1 011111
1111111111 1000 11111. 11111 1111111 8111111111 111 Μ111111111 1181111, pau 11111111
1111111 1111 11111111 1111111111. - 1111111111, 2. 1111111. 1111111 11111111111111111111-

“ 111111111111118118. 181.

’19141 11111111 9111111111 1111111 111 111111. 11811111111111 11 1111 1111111111
8111111111, 111 811111181111111 0111111 1111111111111 8111111, og 11 11111111 1111
1111111181111111111111111111111111. — [1111121111. 1111111.) 1111111.111111
1111111. 1. 011111. 1. 1111. Friedrich 1111111111 111 81111111111111. 118.

’19141 1111111111 1111111111 11811111 1111111111 11111. 1181111111111111
8111111 1111111 1110111111 1111111111111111111 1181111111 111 111. - mmmm,

12. Μ1111. (Tydsk.) 11111181111111111.11.1111111.1. 111111. 1. 11111. 11111111911111111 1118111·
denham 1111. 811-13.

’19148 8111111111 1111111111 81111 11111111 1111 811111· 1118111111111111111
111111111111811111111111111111111111111 Slulning‚ om de ville love 1111 8111113111 og 11-
11111111. - Vallo, 3. Marte. 1111111.111111.111111111,1111111.11(1111111111111111 1. 185,

’19149 1111111111.(111111111111110111111111111111111111181111111 1 011111
11 assignare Generalmajor 11111111 11 1111111 11111111 1 8111, 11 han 1111 8111111111 111,
11111 111 111111111111111111111111111111111111111.-11111111111111, 11111111. 1111111 ¹

Ι1111. 1 111111111111111811111111111111111111811 S. 111.

’19151 11. 1111111. 11111111 111111101111111111111111 11111 8111111 1 011111 ἶ
1111111111 111 8111 11111111 8111111111, 11181 1111111111 1118111111, 111111 Regimen.
1111111111 1111111111 og 111111 1111111111 1111111111 8111111111 og betale (111 Rau.

111111 81111111 111 0111111111 en Μ111111 8111. - 111111111εὸ11, 4. Μ1111. 1111111
1111. 1111111111111111 811111111111111111111811 8. 111.

 

