11555 (1555555555 5551555555. 1223

1155555555 5155555 81551, 551125 815155155555 5251 1555 555135 1111155551 155 2255552115

- 1151551535 stou, 5. 22. 5555555. 55 5555555. saun. 55. 555.

11591. 11. 555. 11135 825155155 111 [15155551151515 1152155 53 25515555555, 51 55 22115555.
51115255551115535 5555 1555155151 111 555 555525 111551515325153. 525115 1115535-
Exemplum 5155555 81551, 53 51, 5555 555 511555 1552555555 555 851351 51
515155555555111 *15325153 51 55 55555152 53 1511552 111551, 53 1155155 5555 55

5 [1515555115151 111 11525153 5105255151535555 555 [1531551555 51 5511135 nagor.

1531581511, 5. 22. 1155555555· 55 5555555. 5555. 51. 555.

1595. 11. (155. 11135 11555 111 1152155 53 Ρ5515555555 555 5515555115151 med 55151153 22. 115555.
1555115555 1225 55555 155155551513 155 51 disputem pro cathedra, 525155 15555

555 i hans Sted. —- 8151111 515115115αῇ5, d. 22. Novembris. 1155525 1153. 5. R. 1. 201-02.

596. 15555155558555555582515515511111515355515555(15515515, hvofj han 35303,1ΓΙ
5111. (155151 ΙΙ. 555115 1155 11155555511555551555 5151 (1555555255 111 1155-
f⁰ffly de Samlss pacm 1155555525 81155535 555 5151552 55555 55551 551151 mod
5555555 8555135 115555, 53 551 511 5151552 1225 515555 555 55553511525 853,
555555, 51 855513 5251551515 55155555555555. - 1155511553, d. 25, November,
115 1111 5551555. 555 8555525 2513555 5151 11. 6711-13.
97· K· KARL l·'S Brev 111 Κ. Chr. 111., 55555555 555 555555 55315 115515, 55555 21. 55555.
5111. - Wedmimter, 27. Nov. (Latin.l' 1151511553. 1 1155555151551155551851,

18. 8155155155 155 55 51 1555555555 (15555555 (15555 1155555555) Aenum 53 28. ambs,
55555, 55551 555 55515155, 555515555 55 555515 1551555555 555 synet af den

1511 51155 1512 555 55555115551555555251355. - Le 8. Xcernbre. (Fransk,)

histor. Geuootsehnp 15 1115555515. 85515. 211. 15553. s. 306-08,

9. Fortegnelse over de 5551531. 55555555535155155155 1 8155513 namt over 1155555555.

53 155521511135 [15515355 51215515 5551135 (155555. —— 11555 1151555. 1135521
(5555555111. 5. 1151555515555515155151.111218-79.
1. 5555555 ommam, 55351 855515 cancellarii, ad (1551115555 regem 1⁴ neem,

3333 ei per dominum Iohannem Heep mortem 55315 551 5135111551-15-
θῦε. Moser, 251515115555515551511. 193-95.

1055555555 55555 855555 55 secretarium Laurentium Grubbe 1111555, 15 quibus 10. 55515.
ensem Ν 5555555555 51555531115515 fatalem 151555. - 10. 1155. 55555. 5 Archon.

neem. 0155151155, 55155 55 85555, 1, 11,
Ioum 115555 85555555825155155111 513525551551551 0555555555, 55551 15. 55555,

der 1055555155 5551555555 1555511555115555525311555555555.- Humum,
¹· (5550118151 55215 1111 5551555. om 8555525 2513555551 11. 615-17,
0551555115 0555555 11555555555555 55 facultatem theologicam 55 555 11. 55555.

hristiana. - Ex 55555555155551111111155. 55555555. Sami. 3. 11. lv. 558
15155, Annales 55515515 1155. 11180353 1151553, 1155 555525 1115155 11151, e. 1151. 2. 1153.

fl. G. v. 55555555 5515525153 til 11551. 15555 (15553 518555555 553555555 18, neem,

ing i Tydskland‚ i 5511255555 51. 5. 5515155 5551555555153, 511151

5511535 1 1151355 mod Kejseren 555 11555551111355555353 Mod.

md vil vaere 11155181ῑὸ til 81113518 8ῑ8 1111151115 55511555 55 515155555

§te Arnim 15551555131 11155555511551355155 51 5555115 513 as. — 1155555555,
(Tydsk.) 11. 11511551551151155515155 155511217-55.

kunne

154·

 

 

